CSI_DATA: 28 -64 1 0 9 -36 7 -30 8 -26 9 -23 12 -20 14 -19 17 -19 19 -20 20 -22 20 -24 18 -25 17 -27 14 -27 13 -26 11 -24 10 -22 9 -19 9 -16 10 -13 11 -10 12 -7 14 -5 16 -3 18 -1 19 1 0 0 0 0 0 0 0 0 0 0 0 0 0 0 0 0 0 0 0 0 0 0 -6 -13 -3 -14 0 -15 3 -17 5 -19 7 -21 9 -23 9 -25 9 -27 9 -28 9 -28 8 -27 7 -26 6 -25 7 -22 8 -20 11 -18 14 -18 17 -18 21 -20 24 -24 25 -28 27 -33 25 -37 23 -40 20 -42
CSI_DATA: 28 -64 1 0 -14 -31 -16 -32 -18 -32 -20 -31 -22 -28 -22 -25 -22 -22 -21 -19 -19 -16 -17 -15 -14 -14 -11 -14 -9 -15 -6 -16 -4 -18 -3 -19 -3 -21 -2 -22 -2 -22 -2 -22 -2 -22 -2 -21 -1 -19 1 -18 3 -16 0 0 0 0 0 0 0 0 0 0 0 0 0 0 0 0 0 0 0 0 0 0 -20 3 -20 2 -20 1 -20 0 -18 -1 -17 -2 -16 -4 -14 -6 -13 -9 -12 -12 -12 -15 -12 -18 -13 -21 -14 -23 -17 -25 -19 -25 -22 -25 -24 -23 -25 -22 -25 -19 -24 -18 -22 -17 -20 -17 -18 -18 -15 -20 -13 -24
CSI_DATA: 28 -64 1 0 9 -7 10 -6 11 -4 12 -4 13 -4 14 -5 14 -6 14 -7 13 -8 12 -9 11 -9 9 -8 8 -7 7 -6 7 -5 6 -3 7 -2 7 0 7 1 8 2 8 2 9 3 9 3 9 4 8 5 0 0 0 0 0 0 0 0 0 0 0 0 0 0 0 0 0 0 0 0 0 0 1 -8 2 -8 3 -9 4 -10 4 -10 5 -11 5 -10 5 -11 5 -10 5 -10 5 -9 5 -8 6 -7 7 -6 8 -5 9 -4 11 -4 13 -5 14 -7 15 -8 15 -9 15 -11 14 -12 13 -13 12 -13 11 -12
CSI_DATA: 28 -64 1 0 3 -24 6 -23 11 -23 13 -24 14 -26 15 -28 14 -30 12 -31 10 -32 8 -32 6 -30 4 -28 2 -26 2 -22 3 -19 5 -16 7 -13 9 -11 12 -9 14 -8 16 -7 18 -6 19 -5 20 -4 21 -3 0 0 0 0 0 0 0 0 0 0 0 0 0 0 0 0 0 0 0 0 0 0 -13 -14 -13 -16 -13 -18 -13 -19 -13 -21 -13 -21 -13 -20 -13 -20 -11 -20 -9 -19 -7 -18 -4 -17 0 -18 3 -19 6 -20 8 -23 10 -25 11 -30 10 -33 8 -37 6 -39 2 -41 0 -41 -3 -40 -4 -37 -4 -34
CSI_DATA: 28 -64 1 0 22 8 20 11 20 15 21 17 22 19 25 19 27 18 28 16 29 13 29 11 27 9 24 7 21 6 19 6 15 7 12 8 10 10 8 12 6 14 5 16 4 18 3 19 2 20 2 21 1 20 0 0 0 0 0 0 0 0 0 0 0 0 0 0 0 0 0 0 0 0 0 0 13 -9 15 -8 18 -8 20 -7 21 -7 22 -8 22 -8 22 -8 22 -7 20 -6 19 -4 18 -1 17 1 17 5 17 8 19 11 22 13 26 15 29 15 33 14 36 12 38 10 39 7 38 4 36 3 33 2
CSI_DATA: 28 -64 1 0 10 23 8 23 6 25 5 27 6 29 7 29 9 30 11 29 12 28 13 26 14 24 13 21 13 19 11 17 8 15 6 15 3 14 0 15 -2 15 -4 15 -6 16 -8 17 -9 17 -10 17 -11 16 0 0 0 0 0 0 0 0 0 0 0 0 0 0 0 0 0 0 0 0 0 0 16 5 17 7 18 9 18 10 19 11 19 11 18 11 18 11 17 12 14 12 13 13 10 14 8 16 7 18 5 21 5 23 6 26 8 29 10 31 13 33 16 33 19 32 21 31 22 29 21 27 20 25
CSI_DATA: 28 -64 1 0 16 -20 18 -17 21 -16 23 -17 24 -18 23 -20 23 -22 22 -24 20 -24 17 -24 15 -23 12 -21 11 -19 11 -16 11 -14 11 -11 13 -8 14 -6 16 -4 17 -4 18 -3 19 -2 20 -1 20 0 19 2 0 0 0 0 0 0 0 0 0 0 0 0 0 0 0 0 0 0 0 0 0 0 -3 -16 -1 -18 1 -19 2 -21 3 -22 4 -23 4 -23 4 -23 4 -22 5 -21 6 -20 7 -18 9 -16 12 -15 15 -15 18 -15 21 -16 23 -19 24 -22 24 -26 23 -29 21 -31 20 -32 18 -33 15 -32 15 -30
CSI_DATA: 82 32 5 0 -17 2 -16 6 -15 7 -17 5 -12 3 -11 6 -9 -2 -9 -5 -5 -10 -1 -4 -7 -5 -5 -10 -4 -8 -6 -13 -3 -9 -9 -7 -10 -14 -6 -9 -3 -6 -2 -10 -3 -8 1 -8 -3 -6 -2 -3 -2 -4 0 0 0 0 0 0 0 0 0 0 0 0 0 0 0 0 0 0 0 0 0 0 1 3 -2 1 -2 -4 0 6 -1 4 1 8 -2 5 -8 11 -2 8 -4 7 1 9 -3 6 0 12 -6 6 0 5 -3 12 5 10 -2 2 -9 -2 0 2 -7 -8 -12 2 -13 2 -17 -4 -13 -4 -17 8
CSI_DATA: 28 -64 1 0 28 15 25 19 24 22 25 25 25 26 28 27 30 27 33 25 34 22 34 19 33 16 31 14 28 12 25 11 21 10 17 12 14 13 10 15 8 17 6 19 4 22 3 23 1 25 0 26 -2 26 0 0 0 0 0 0 0 0 0 0 0 0 0 0 0 0 0 0 0 0 0 0 21 -8 24 -6 26 -5 28 -4 28 -3 29 -3 29 -3 28 -2 27 -1 25 1 24 3 22 6 21 9 20 13 21 17 23 20 25 23 30 25 33 26 38 26 41 24 45 20 46 18 46 15 44 12 41 11
CSI_DATA: 28 -64 1 0 26 -21 27 -23 27 -25 25 -28 23 -29 20 -29 16 -28 14 -26 12 -24 10 -21 10 -18 10 -15 12 -13 14 -11 16 -9 18 -8 20 -8 21 -8 21 -8 21 -8 20 -7 20 -7 18 -6 18 -4 16 -1 0 0 0 0 0 0 0 0 0 0 0 0 0 0 0 0 0 0 0 0 0 0 -9 -20 -7 -20 -6 -21 -6 -20 -4 -20 -3 -19 -1 -17 1 -17 4 -16 7 -16 10 -16 14 -16 16 -18 18 -20 20 -22 20 -25 20 -27 18 -29 16 -30 14 -31 12 -30 11 -28 11 -26 12 -24 15 -22 18 -20
CSI_DATA: 28 -64 1 0 22 11 19 13 20 16 19 19 21 21 22 21 25 21 26 19 27 17 28 14 26 12 25 10 22 9 19 8 16 8 13 9 10 11 8 12 6 14 4 16 2 17 1 19 0 20 -1 20 -2 20 0 0 0 0 0 0 0 0 0 0 0 0 0 0 0 0 0 0 0 0 0 0 15 -8 17 -7 20 -6 21 -6 22 -6 22 -6 22 -5 22 -5 22 -4 20 -3 19 -1 18 2 17 5 17 8 17 11 19 14 21 16 25 18 28 19 32 18 35 16 37 14 38 11 37 9 35 7 33 6
CSI_DATA: 28 -64 1 0 20 -14 22 -11 24 -9 26 -8 28 -8 30 -10 30 -12 30 -14 28 -16 27 -17 24 -17 21 -17 19 -16 17 -13 15 -10 14 -8 15 -4 15 -1 15 1 16 4 17 5 17 7 18 8 18 10 17 11 0 0 0 0 0 0 0 0 0 0 0 0 0 0 0 0 0 0 0 0 0 0 2 -18 4 -19 6 -20 7 -22 7 -22 8 -23 8 -22 8 -22 8 -21 9 -19 10 -17 11 -15 13 -12 16 -11 19 -9 22 -9 26 -10 28 -12 31 -15 32 -18 32 -22 31 -25 29 -27 27 -28 25 -28 23 -26
CSI_DATA: 28 -64 1 0 20 14 17 16 16 19 16 22 17 24 18 25 21 24 23 23 24 21 25 19 24 16 22 14 21 12 18 11 15 10 11 11 9 12 6 14 3 15 1 16 0 18 -1 19 -2 20 -3 20 -5 20 0 0 0 0 0 0 0 0 0 0 0 0 0 0 0 0 0 0 0 0 0 0 16 -5 18 -4 20 -3 22 -2 23 -2 23 -1 23 -1 23 -1 22 0 20 1 19 3 17 5 16 8 15 11 15 14 16 17 18 20 21 22 24 23 28 23 31 22 34 20 35 17 36 15 34 12 32 11
CSI_DATA: 28 -64 1 0 -25 -1 -24 -5 -25 -7 -26 -10 -28 -10 -30 -10 -31 -9 -32 -7 -32 -5 -31 -3 -29 0 -27 0 -24 1 -21 -1 -18 -2 -16 -4 -14 -7 -13 -9 -12 -12 -11 -14 -10 -16 -10 -17 -9 -18 -9 -19 -7 -20 0 0 0 0 0 0 0 0 0 0 0 0 0 0 0 0 0 0 0 0 0 0 -10 13 -13 13 -16 13 -17 13 -18 13 -19 14 -19 14 -19 13 -18 12 -18 10 -18 9 -17 6 -18 3 -19 0 -20 -3 -24 -5 -27 -6 -30 -7 -33 -5 -36 -3 -38 -1 -39 2 -39 5 -37 7 -35 8 -32 7
CSI_DATA: 28 -64 1 0 -9 -24 -5 -23 -2 -25 -1 -27 0 -29 -1 -30 -2 -32 -5 -32 -6 -32 -8 -30 -9 -28 -10 -26 -10 -23 -8 -21 -6 -19 -4 -17 -1 -16 1 -15 4 -14 7 -14 9 -14 11 -14 13 -14 14 -13 16 -12 0 0 0 0 0 0 0 0 0 0 0 0 0 0 0 0 0 0 0 0 0 0 -18 -7 -19 -8 -20 -10 -20 -11 -20 -12 -20 -12 -19 -12 -18 -12 -17 -12 -14 -13 -12 -13 -10 -15 -7 -16 -5 -19 -4 -22 -3 -25 -3 -28 -5 -31 -7 -34 -10 -35 -13 -36 -16 -36 -18 -35 -20 -33 -20 -30 -18 -28
CSI_DATA: 28 -64 1 0 -15 -33 -16 -34 -17 -33 -19 -32 -21 -30 -22 -27 -22 -24 -22 -21 -20 -19 -18 -18 -16 -17 -15 -17 -13 -17 -11 -18 -10 -19 -9 -20 -8 -21 -8 -22 -8 -21 -7 -21 -7 -21 -6 -20 -4 -20 -2 -18 0 -18 0 0 0 0 0 0 0 0 0 0 0 0 0 0 0 0 0 0 0 0 0 0 -20 -8 -19 -9 -19 -10 -18 -11 -17 -12 -16 -12 -15 -13 -13 -14 -11 -16 -10 -18 -8 -20 -7 -23 -7 -25 -8 -27 -9 -29 -12 -30 -13 -31 -16 -30 -18 -30 -19 -28 -20 -27 -20 -26 -19 -25 -17 -26 -16 -27 -14 -29
CSI_DATA: 28 -64 1 0 7 27 2 27 -2 29 -4 31 -6 34 -6 36 -4 38 -2 39 1 39 4 38 6 35 7 32 6 29 6 25 3 22 0 20 -3 17 -7 15 -10 14 -14 13 -16 13 -19 13 -20 13 -22 12 -23 10 0 0 0 0 0 0 0 0 0 0 0 0 0 0 0 0 0 0 0 0 0 0 19 6 20 9 21 11 23 13 23 14 24 14 23 15 23 15 21 15 19 15 16 15 13 16 9 18 6 20 3 24 1 27 1 32 2 36 4 40 7 44 11 45 16 45 19 44 21 41 22 38 20 35
CSI_DATA: 82 32 5 0 -11 -4 -10 -6 -9 -7 -7 -4 3 1 8 -2 5 3 9 1 8 1 15 4 12 4 14 3 15 6 9 5 14 5 6 -5 2 4 7 3 2 -4 5 2 3 -1 3 0 -3 0 0 1 -5 1 0 0 0 0 0 0 0 0 0 0 0 0 0 0 0 0 0 0 0 0 0 0 4 2 4 4 1 1 -2 6 7 12 -3 12 6 10 6 12 -5 10 -1 9 0 10 4 12 1 8 5 6 3 3 -4 3 -1 1 -5 0 -7 -10 -7 -6 -8 -5 -4 -13 -6 0 -10 -8 -8 -7 -14 -6
CSI_DATA: 28 -64 1 0 -13 -20 -9 -22 -7 -25 -6 -27 -6 -30 -7 -31 -9 -32 -12 -31 -14 -30 -15 -28 -16 -25 -15 -22 -13 -19 -11 -17 -8 -15 -4 -15 -1 -15 2 -15 5 -15 7 -16 9 -17 11 -17 12 -18 12 -17 14 -16 0 0 0 0 0 0 0 0 0 0 0 0 0 0 0 0 0 0 0 0 0 0 -16 0 -17 -3 -20 -5 -21 -6 -22 -6 -23 -7 -23 -7 -23 -7 -22 -7 -20 -8 -18 -8 -16 -9 -14 -12 -11 -14 -9 -17 -10 -21 -10 -24 -12 -28 -14 -30 -18 -32 -21 -32 -25 -31 -27 -29 -28 -27 -28 -24 -25 -22
CSI_DATA: 28 -64 1 0 -17 -20 -14 -21 -12 -23 -12 -26 -13 -28 -14 -29 -16 -29 -18 -27 -20 -26 -21 -24 -21 -21 -20 -18 -18 -17 -16 -15 -13 -14 -9 -14 -6 -14 -4 -16 -2 -17 0 -18 2 -19 3 -20 4 -21 5 -20 6 -20 0 0 0 0 0 0 0 0 0 0 0 0 0 0 0 0 0 0 0 0 0 0 -16 -2 -17 -5 -19 -7 -20 -8 -21 -9 -22 -9 -22 -9 -22 -9 -22 -9 -20 -10 -19 -10 -16 -11 -14 -13 -12 -15 -11 -17 -11 -21 -12 -24 -13 -27 -16 -29 -19 -30 -23 -31 -26 -29 -29 -28 -30 -25 -29 -23 -27 -21
CSI_DATA: 28 -64 1 0 -37 -24 -36 -19 -36 -16 -33 -12 -30 -9 -27 -7 -23 -7 -20 -7 -17 -9 -16 -11 -15 -14 -15 -16 -16 -18 -17 -19 -17 -19 -18 -19 -18 -18 -18 -17 -17 -16 -16 -15 -14 -14 -11 -13 -8 -13 -5 -13 -1 -13 0 0 0 0 0 0 0 0 0 0 0 0 0 0 0 0 0 0 0 0 0 0 -15 12 -15 9 -15 7 -14 4 -14 2 -14 -1 -14 -4 -16 -7 -17 -10 -19 -13 -22 -15 -24 -16 -27 -16 -29 -15 -29 -13 -30 -11 -28 -9 -28 -8 -25 -7 -22 -8 -21 -10 -20 -13 -20 -17 -21 -21 -24 -25 -28 -27
CSI_DATA: 28 -64 1 0 37 20 40 21 43 20 45 17 45 14 44 9 43 6 40 2 36 1 32 0 27 1 23 3 20 6 19 10 17 13 17 16 17 19 17 21 17 22 17 23 17 23 16 23 15 22 13 21 10 20 0 0 0 0 0 0 0 0 0 0 0 0 0 0 0 0 0 0 0 0 0 0 16 -22 18 -21 19 -20 19 -18 18 -17 18 -15 18 -12 18 -9 19 -4 20 0 22 4 26 8 29 10 33 11 36 11 40 10 42 8 45 5 44 1 44 -1 41 -3 39 -4 36 -2 33 1 32 5 32 10
CSI_DATA: 28 -64 1 0 4 43 8 41 10 37 12 33 12 28 11 24 9 21 6 18 2 17 -1 17 -4 18 -5 20 -7 22 -7 23 -7 25 -6 25 -6 25 -5 24 -5 22 -4 20 -5 18 -5 15 -6 12 -8 9 -10 6 0 0 0 0 0 0 0 0 0 0 0 0 0 0 0 0 0 0 0 0 0 0 18 -1 17 1 15 3 13 4 10 6 8 9 6 11 5 15 4 18 4 22 4 25 5 27 8 29 10 29 11 29 13 27 13 25 13 23 12 21 9 20 6 20 2 21 -1 24 -3 28 -5 33 -4 38
CSI_DATA: 28 -64 1 0 20 -15 22 -12 25 -11 27 -11 28 -11 29 -13 30 -15 29 -18 27 -19 25 -20 22 -20 19 -19 17 -17 15 -14 14 -11 14 -8 15 -5 15 -2 16 0 17 3 18 4 19 6 19 7 19 8 19 10 0 0 0 0 0 0 0 0 0 0 0 0 0 0 0 0 0 0 0 0 0 0 0 -18 2 -19 4 -20 5 -22 5 -22 6 -23 6 -23 6 -22 7 -21 7 -19 9 -17 11 -15 13 -13 15 -12 18 -11 22 -11 25 -12 27 -15 29 -18 30 -21 29 -25 28 -28 26 -29 24 -29 22 -29 20 -27
CSI_DATA: 28 -64 1 0 19 -35 15 -31 14 -27 13 -22 13 -18 15 -14 18 -12 21 -12 24 -12 25 -14 26 -16 26 -18 25 -20 23 -20 21 -20 18 -19 17 -17 15 -14 14 -11 13 -7 12 -4 13 0 14 3 14 6 15 10 0 0 0 0 0 0 0 0 0 0 0 0 0 0 0 0 0 0 0 0 0 0 -7 -12 -3 -13 0 -13 3 -15 7 -16 10 -18 11 -19 13 -22 14 -24 14 -26 14 -27 13 -27 11 -27 10 -26 9 -24 9 -20 11 -18 13 -15 17 -14 21 -14 25 -15 30 -19 33 -22 34 -27 34 -32 33 -36
CSI_DATA: 28 -64 1 0 -14 28 -20 28 -25 28 -27 31 -29 35 -29 38 -26 41 -22 42 -19 42 -15 40 -11 38 -10 33 -9 28 -9 23 -11 18 -14 14 -17 10 -21 7 -24 5 -27 4 -29 3 -31 2 -31 1 -32 -1 -30 -3 0 0 0 0 0 0 0 0 0 0 0 0 0 0 0 0 0 0 0 0 0 0 17 15 16 19 17 22 18 24 18 25 18 26 17 26 17 25 15 24 12 23 8 22 3 21 -2 22 -7 24 -11 26 -15 30 -17 35 -18 41 -16 46 -13 50 -9 53 -4 54 -1 53 1 50 2 46 0 41
CSI_DATA: 28 -64 1 0 -20 -11 -19 -15 -20 -19 -21 -22 -23 -23 -25 -23 -27 -22 -29 -20 -30 -18 -29 -15 -28 -13 -25 -11 -22 -9 -19 -9 -15 -9 -12 -10 -9 -12 -6 -14 -3 -16 -1 -18 0 -19 2 -21 3 -22 4 -22 5 -22 0 0 0 0 0 0 0 0 0 0 0 0 0 0 0 0 0 0 0 0 0 0 -13 13 -16 13 -17 13 -18 13 -19 13 -19 13 -18 12 -18 10 -17 8 -16 6 -16 3 -16 -1 -17 -4 -18 -8 -20 -11 -24 -13 -27 -15 -31 -14 -34 -13 -37 -11 -38 -9 -39 -6 -39 -3 -36 -2 -33 -1 -30 -2
CSI_DATA: 28 -64 1 0 22 2 22 6 24 9 26 11 29 11 31 11 33 9 34 7 33 4 32 1 29 0 26 -1 23 -1 20 0 17 1 14 4 12 7 10 10 8 12 7 15 6 17 6 18 5 20 4 21 3 22 0 0 0 0 0 0 0 0 0 0 0 0 0 0 0 0 0 0 0 0 0 0 7 -18 9 -19 10 -19 11 -20 12 -19 12 -19 11 -18 12 -17 12 -14 12 -12 13 -9 14 -6 16 -3 19 0 22 2 26 3 29 3 33 1 35 -1 37 -4 37 -7 37 -10 36 -12 33 -13 30 -12 27 -10
CSI_DATA: 28 -64 1 0 21 8 20 12 22 15 23 17 26 19 28 18 30 16 31 14 31 11 30 8 27 6 24 5 21 4 18 5 14 6 11 9 8 11 6 14 4 16 3 18 2 20 1 21 1 22 0 22 -2 21 0 0 0 0 0 0 0 0 0 0 0 0 0 0 0 0 0 0 0 0 0 0 9 -15 11 -15 14 -16 15 -16 16 -17 16 -17 16 -16 16 -15 16 -13 15 -11 15 -8 15 -5 16 -1 17 2 20 5 24 7 27 8 31 8 34 7 37 5 38 2 39 -1 38 -4 35 -6 32 -6 29 -4
CSI_DATA: 28 -64 1 0 5 -28 11 -29 14 -30 17 -34 17 -37 16 -39 14 -41 11 -42 7 -41 4 -39 2 -36 1 -32 1 -28 3 -23 5 -19 8 -16 12 -13 16 -11 19 -9 21 -8 24 -8 25 -7 26 -6 27 -5 27 -3 0 0 0 0 0 0 0 0 0 0 0 0 0 0 0 0 0 0 0 0 0 0 -20 -9 -21 -12 -22 -15 -23 -16 -23 -17 -23 -18 -22 -17 -21 -18 -19 -17 -16 -17 -13 -17 -9 -18 -5 -20 -1 -23 2 -27 4 -31 5 -36 4 -40 1 -44 -2 -47 -6 -48 -9 -48 -12 -46 -13 -43 -13 -39 -10 -36
CSI_DATA: 28 -64 1 0 20 -9 23 -6 27 -4 29 -4 32 -5 33 -7 33 -10 32 -12 30 -14 28 -15 24 -15 21 -14 18 -12 16 -8 15 -5 14 -2 14 2 14 5 14 8 15 10 16 12 16 13 16 14 15 15 14 16 0 0 0 0 0 0 0 0 0 0 0 0 0 0 0 0 0 0 0 0 0 0 -2 -18 -1 -20 0 -21 1 -23 2 -23 2 -24 2 -23 3 -22 3 -21 4 -19 6 -16 9 -14 11 -12 15 -11 19 -10 23 -10 26 -12 28 -15 30 -18 31 -22 30 -25 28 -27 26 -28 23 -28 21 -26 19 -23
CSI_DATA: 30 -32 1 0 9 5 10 0 6 2 2 -5 -2 -7 0 -5 -9 -8 -7 -15 -4 -17 -9 -16 -4 -11 0 -13 -2 -13 -7 -11 0 -8 1 -1 -4 -5 -8 -2 -7 0 -6 0 -9 -1 -10 -1 -6 -1 -8 2 -3 4 0 0 0 0 0 0 0 0 0 0 0 0 0 0 0 0 0 0 0 0 0 0 -2 -1 -1 3 -9 2 -10 6 -10 3 -8 6 -10 6 -5 12 -15 6 -9 5 -18 14 -10 6 -8 10 -2 4 -4 3 -1 3 5 3 1 3 5 3 8 7 13 -2 12 3 15 7 26 2 23 10 17 12
CSI_DATA: 28 -64 1 0 24 -23 20 -18 19 -13 18 -8 20 -3 22 0 26 2 29 2 31 1 33 -1 33 -4 32 -6 30 -8 28 -8 24 -8 21 -6 19 -4 15 -2 13 2 11 5 9 9 9 12 8 15 7 18 6 20 0 0 0 0 0 0 0 0 0 0 0 0 0 0 0 0 0 0 0 0 0 0 -4 -12 0 -12 4 -14 7 -15 10 -17 13 -19 14 -20 16 -23 16 -24 16 -25 15 -25 13 -24 12 -22 11 -19 11 -16 13 -12 15 -9 19 -7 24 -5 29 -6 34 -7 38 -11 41 -15 43 -20 41 -24 39 -27
CSI_DATA: 30 -32 1 0 0 -3 10 -4 1 -6 6 -7 2 3 -1 -3 2 9 1 9 -6 6 1 8 -1 10 -3 10 -3 8 1 13 7 5 3 11 -1 5 -6 3 -1 4 1 -4 0 -4 0 -10 3 -9 0 -4 0 -6 0 0 0 0 0 0 0 0 0 0 0 0 0 0 0 0 0 0 0 0 0 0 2 11 -1 9 3 6 4 6 3 7 5 1 -1 2 2 5 1 -1 0 5 1 2 -4 -2 -6 -2 -4 -5 -11 -5 -8 2 -9 0 -4 -1 -7 -4 -2 -8 -7 -12 -2 -4 -2 -6 4 -9 -1 -8 1 -15
CSI_DATA: 28 -64 1 0 2 23 -1 23 -4 24 -5 26 -6 28 -5 30 -3 32 -1 32 1 31 3 30 5 28 5 25 5 22 3 19 1 16 -1 15 -4 13 -6 12 -9 11 -11 11 -14 11 -15 11 -17 11 -18 10 -19 9 0 0 0 0 0 0 0 0 0 0 0 0 0 0 0 0 0 0 0 0 0 0 15 7 15 9 16 11 16 13 17 13 17 13 16 13 16 13 15 13 12 13 10 14 7 14 4 16 2 18 0 20 -2 23 -2 27 -1 30 2 33 5 35 8 36 11 36 13 35 14 33 14 30 13 27
CSI_DATA: 28 -64 1 0 30 19 25 16 22 15 18 15 15 16 12 17 11 19 11 21 12 24 13 25 15 25 16 24 17 23 19 21 17 19 17 18 15 16 13 14 10 13 7 12 4 13 1 13 -3 14 -5 14 -8 14 0 0 0 0 0 0 0 0 0 0 0 0 0 0 0 0 0 0 0 0 0 0 13 0 13 3 14 6 15 8 17 11 18 12 20 13 21 14 23 14 23 14 23 14 22 13 20 13 18 12 16 12 14 14 11 15 11 19 10 22 12 26 14 29 18 31 22 35 26 35 29 33 32 30
CSI_DATA: 28 -64 1 0 41 15 36 13 31 12 26 13 22 15 20 17 19 20 20 22 21 23 24 24 25 24 27 23 28 22 28 20 27 17 25 16 22 15 19 14 15 14 11 14 8 15 5 16 2 17 -1 19 -5 20 0 0 0 0 0 0 0 0 0 0 0 0 0 0 0 0 0 0 0 0 0 0 15 -6 16 -2 18 2 19 5 21 7 23 9 25 11 28 13 30 13 30 12 31 11 31 10 29 9 27 9 24 10 22 12 20 14 20 17 19 21 21 26 24 29 29 32 34 33 39 32 44 31 47 28
CSI_DATA: 28 -64 1 0 34 8 29 6 26 6 22 7 20 9 18 11 18 13 18 15 20 16 22 17 23 16 24 15 25 13 25 11 24 9 22 9 20 8 17 7 14 8 11 9 9 10 6 12 4 13 2 15 0 16 0 0 0 0 0 0 0 0 0 0 0 0 0 0 0 0 0 0 0 0 0 0 12 -5 12 -2 14 1 15 3 17 5 19 7 21 8 22 9 24 9 25 9 25 8 25 7 24 7 22 6 20 6 18 8 17 10 17 12 17 15 19 19 22 21 25 23 30 24 34 23 38 21 40 18
CSI_DATA: 28 -64 1 0 -20 -16 -18 -18 -17 -20 -16 -23 -17 -24 -19 -25 -21 -24 -23 -23 -24 -21 -25 -19 -24 -16 -23 -14 -21 -13 -18 -12 -15 -11 -12 -12 -9 -13 -7 -14 -5 -16 -4 -17 -2 -19 -1 -20 0 -20 1 -21 2 -21 0 0 0 0 0 0 0 0 0 0 0 0 0 0 0 0 0 0 0 0 0 0 -17 1 -18 -1 -20 -2 -21 -3 -22 -4 -22 -4 -22 -4 -22 -4 -21 -5 -20 -5 -18 -7 -17 -9 -15 -11 -14 -13 -14 -16 -15 -19 -16 -21 -19 -23 -22 -24 -25 -24 -28 -24 -30 -22 -32 -20 -33 -18 -32 -16 -30 -15
CSI_DATA: 28 -64 1 0 -17 18 -19 16 -21 14 -23 15 -24 16 -25 17 -25 19 -24 21 -22 22 -20 22 -18 22 -15 21 -14 19 -13 16 -13 13 -12 11 -13 8 -15 5 -16 3 -17 2 -18 0 -19 -1 -20 -2 -21 -3 -21 -5 0 0 0 0 0 0 0 0 0 0 0 0 0 0 0 0 0 0 0 0 0 0 0 16 -2 17 -3 18 -4 20 -4 20 -5 21 -5 21 -5 21 -6 20 -6 18 -8 17 -9 15 -11 14 -14 13 -17 13 -20 13 -22 14 -24 17 -25 20 -26 23 -25 26 -24 29 -22 30 -20 31 -18 30 -16 28
CSI_DATA: 28 -64 1 0 3 24 0 25 -2 25 -4 27 -4 28 -4 30 -2 31 0 31 2 30 4 29 6 27 6 25 6 22 4 20 3 18 0 16 -2 15 -5 14 -8 13 -10 13 -12 13 -13 14 -14 14 -16 13 -17 12 0 0 0 0 0 0 0 0 0 0 0 0 0 0 0 0 0 0 0 0 0 0 12 10 12 12 12 14 12 16 13 16 13 17 12 17 12 17 11 17 10 16 8 16 5 17 3 17 1 18 -1 20 -3 22 -4 26 -3 29 -2 32 0 34 3 36 7 36 8 36 10 35 11 33 11 30
CSI_DATA: 28 -64 1 0 -5 11 -7 11 -8 10 -9 11 -9 12 -9 13 -8 14 -8 14 -6 14 -5 14 -4 13 -3 11 -3 10 -3 9 -4 7 -5 6 -6 5 -7 4 -8 4 -9 3 -9 3 -10 3 -10 3 -11 2 -11 1 0 0 0 0 0 0 0 0 0 0 0 0 0 0 0 0 0 0 0 0 0 0 3 6 3 8 2 9 2 10 2 10 2 10 2 11 2 10 2 10 1 9 0 9 -1 9 -2 8 -4 8 -5 9 -7 9 -8 11 -8 12 -8 14 -7 16 -7 17 -5 17 -5 18 -3 18 -2 17 -2 15
CSI_DATA: 28 -64 1 0 -4 12 -5 11 -6 11 -7 12 -8 13 -8 13 -7 14 -6 14 -5 15 -4 14 -3 14 -2 13 -2 11 -2 10 -3 8 -4 7 -5 6 -6 5 -7 4 -8 4 -9 4 -10 4 -10 3 -10 3 -11 2 0 0 0 0 0 0 0 0 0 0 0 0 0 0 0 0 0 0 0 0 0 0 4 6 4 7 3 8 3 9 3 10 4 10 3 10 3 10 3 10 2 10 2 9 0 9 -1 9 -3 9 -4 9 -5 10 -6 11 -7 13 -6 15 -6 17 -5 18 -3 19 -2 19 -1 18 0 17 0 16
CSI_DATA: 28 -64 1 0 -23 9 -24 6 -26 3 -27 2 -29 3 -31 4 -32 6 -32 9 -31 10 -29 12 -26 12 -23 12 -20 11 -19 9 -17 6 -16 3 -16 0 -16 -3 -16 -5 -17 -8 -17 -9 -18 -10 -18 -11 -18 -13 -17 -13 0 0 0 0 0 0 0 0 0 0 0 0 0 0 0 0 0 0 0 0 0 0 -6 14 -8 15 -10 16 -12 17 -13 18 -13 18 -14 18 -14 18 -14 18 -13 16 -14 14 -14 12 -15 9 -17 7 -20 5 -23 4 -26 4 -29 5 -32 7 -34 10 -34 13 -34 17 -34 19 -31 20 -29 21 -27 19
CSI_DATA: 28 -64 1 0 -11 -23 -8 -23 -5 -25 -4 -27 -4 -29 -5 -31 -6 -32 -9 -31 -11 -30 -12 -29 -13 -27 -13 -24 -12 -22 -11 -20 -8 -18 -5 -17 -3 -16 0 -15 3 -15 6 -15 8 -16 9 -16 11 -16 13 -16 14 -15 0 0 0 0 0 0 0 0 0 0 0 0 0 0 0 0 0 0 0 0 0 0 -17 -5 -18 -7 -19 -9 -20 -10 -20 -10 -20 -11 -20 -11 -19 -11 -18 -11 -16 -12 -14 -13 -12 -14 -9 -16 -7 -18 -6 -21 -6 -24 -6 -27 -8 -30 -10 -32 -13 -34 -16 -34 -19 -34 -21 -32 -23 -31 -23 -28 -21 -26
CSI_DATA: 28 -64 1 0 -19 -16 -17 -19 -15 -20 -15 -23 -16 -24 -17 -26 -19 -26 -21 -24 -22 -22 -24 -21 -23 -18 -23 -16 -22 -15 -19 -13 -16 -12 -13 -12 -10 -13 -8 -13 -5 -15 -3 -16 -1 -17 0 -18 2 -19 3 -20 5 -20 0 0 0 0 0 0 0 0 0 0 0 0 0 0 0 0 0 0 0 0 0 0 -18 1 -20 -1 -21 -2 -22 -3 -22 -3 -22 -3 -22 -3 -21 -4 -20 -5 -18 -6 -17 -7 -15 -9 -14 -12 -13 -15 -13 -18 -14 -20 -17 -23 -19 -25 -22 -26 -25 -26 -28 -25 -31 -23 -32 -21 -32 -19 -32 -16 -30 -16
CSI_DATA: 28 -64 1 0 7 -24 10 -22 13 -22 15 -23 16 -24 17 -26 16 -28 14 -29 12 -30 9 -30 7 -28 5 -26 4 -24 5 -20 5 -17 7 -15 9 -12 11 -11 13 -9 15 -8 17 -7 18 -7 19 -6 20 -5 20 -4 0 0 0 0 0 0 0 0 0 0 0 0 0 0 0 0 0 0 0 0 0 0 -8 -14 -7 -17 -7 -19 -6 -21 -6 -22 -6 -22 -6 -22 -6 -22 -5 -21 -4 -21 -3 -19 0 -19 3 -18 6 -18 9 -19 11 -20 13 -23 14 -26 15 -29 14 -32 12 -36 10 -37 7 -38 4 -37 2 -36 2 -33
CSI_DATA: 28 -64 1 0 24 0 23 3 24 6 25 8 27 8 28 8 30 7 31 5 31 3 31 0 28 -1 26 -3 24 -2 21 -2 19 -1 16 1 15 3 13 6 12 8 11 11 11 12 10 14 9 16 9 17 8 18 0 0 0 0 0 0 0 0 0 0 0 0 0 0 0 0 0 0 0 0 0 0 11 -13 14 -13 15 -13 17 -13 17 -13 18 -13 17 -12 18 -12 17 -11 16 -9 16 -6 17 -4 17 -1 18 2 20 4 23 5 26 6 29 6 32 5 34 3 37 0 37 -3 37 -5 36 -7 34 -8 31 -8
CSI_DATA: 28 -64 1 0 27 -30 23 -31 20 -31 16 -30 13 -26 11 -24 10 -20 11 -17 12 -15 14 -13 16 -13 17 -13 19 -14 20 -15 20 -16 19 -17 18 -17 17 -16 16 -15 14 -13 13 -11 12 -8 12 -6 12 -2 13 1 0 0 0 0 0 0 0 0 0 0 0 0 0 0 0 0 0 0 0 0 0 0 -6 -18 -4 -17 -2 -16 0 -15 2 -14 6 -13 8 -12 11 -13 14 -13 17 -15 19 -16 21 -18 21 -21 20 -22 19 -24 17 -24 15 -24 14 -23 13 -21 13 -19 15 -17 17 -16 21 -15 25 -16 28 -19 31 -23
CSI_DATA: 28 -64 1 0 -28 32 -24 32 -20 32 -16 30 -13 27 -11 23 -10 20 -11 17 -13 14 -15 12 -18 12 -20 12 -21 13 -22 14 -22 14 -22 16 -20 15 -19 15 -17 14 -16 12 -15 10 -14 7 -14 4 -13 0 -13 -3 0 0 0 0 0 0 0 0 0 0 0 0 0 0 0 0 0 0 0 0 0 0 8 16 6 16 4 15 2 14 -1 13 -4 13 -7 13 -11 14 -14 15 -17 16 -19 18 -20 20 -20 23 -19 24 -17 25 -16 26 -14 25 -12 24 -11 21 -12 19 -14 17 -17 16 -22 16 -26 17 -29 20 -32 23
CSI_DATA: 30 -32 1 0 -3 -10 -6 -19 -4 -15 -3 -19 -5 -20 0 -21 -7 -22 -9 -22 -6 -19 -2 -5 -5 -13 -4 -2 3 -2 0 1 4 4 9 6 13 3 7 2 8 3 11 -1 9 -1 6 2 11 -1 6 -2 3 -7 0 0 0 0 0 0 0 0 0 0 0 0 0 0 0 0 0 0 0 0 0 0 3 3 6 0 2 0 5 2 3 2 4 -1 -1 2 8 2 4 8 5 8 5 5 2 10 5 7 -4 11 0 9 -5 6 -4 4 -8 4 -11 6 -9 6 -18 5 -16 3 -16 5 -13 -1 -8 -1 -8 -1
CSI_DATA: 30 -32 1 0 11 -7 10 -6 20 -6 20 -1 17 -6 21 -10 17 -7 12 -8 13 -6 9 -13 9 -8 1 -5 4 -1 -3 0 -6 -1 -12 -2 -9 1 -13 3 -13 1 -8 3 -6 4 -5 3 -9 6 -7 -1 -6 5 0 0 0 0 0 0 0 0 0 0 0 0 0 0 0 0 0 0 0 0 0 0 1 -4 4 1 2 -5 4 2 1 0 8 3 4 1 4 -1 6 11 5 10 4 2 4 9 3 5 3 5 -7 3 -4 3 -7 3 -13 3 -9 -1 -8 -2 -13 -9 -11 3 -12 -7 -12 -4 -9 3 3 -7
CSI_DATA: 30 -32 1 0 -10 -12 -12 -13 -10 -11 -10 -12 -9 -10 -11 -9 -18 -9 -15 -12 -7 -2 -6 -2 -9 5 -10 11 -9 10 -5 9 -7 11 -5 17 -1 18 -10 18 -1 17 -2 14 0 9 2 7 -4 11 1 1 5 9 0 0 0 0 0 0 0 0 0 0 0 0 0 0 0 0 0 0 0 0 0 0 0 1 3 8 -2 7 -3 5 -6 5 -3 5 -5 9 -5 3 -7 0 -8 1 -2 -6 2 -5 6 -5 6 -4 6 3 9 -1 14 0 16 1 13 5 17 14 12 5 12 4 10 1 6 3 -2 -2 1 4
CSI_DATA: 30 -32 1 0 2 -2 10 -11 11 -9 13 -10 15 -14 12 -21 14 -16 15 -12 8 -17 9 -16 5 -18 -1 -16 -1 -13 3 -13 -4 -13 -8 -17 -3 -19 -5 -17 -6 -14 -5 -10 -11 -16 -9 -15 -7 -13 -1 -7 -5 -2 0 0 0 0 0 0 0 0 0 0 0 0 0 0 0 0 0 0 0 0 0 0 7 -2 9 -2 0 -3 6 7 2 4 -4 8 -3 10 -1 7 -10 5 -10 0 -5 2 -10 -6 -5 -10 -3 -6 3 -4 3 2 10 5 7 9 11 10 12 15 11 16 10 14 11 10 10 10 13 15 8 8
CSI_DATA: 28 -64 1 0 -22 -39 -25 -42 -28 -43 -31 -41 -34 -38 -36 -34 -35 -29 -34 -24 -30 -20 -26 -18 -21 -17 -16 -17 -11 -18 -7 -20 -4 -23 -1 -26 0 -28 1 -30 1 -31 1 -31 2 -31 2 -30 3 -28 4 -25 6 -22 0 0 0 0 0 0 0 0 0 0 0 0 0 0 0 0 0 0 0 0 0 0 -22 17 -23 16 -24 15 -24 14 -23 12 -22 10 -21 8 -20 4 -19 0 -19 -6 -20 -11 -22 -16 -24 -20 -27 -24 -31 -26 -35 -26 -39 -25 -42 -23 -44 -20 -43 -16 -42 -13 -38 -11 -34 -11 -30 -14 -26 -18 -23 -24
CSI_DATA: 28 -64 1 0 31 18 27 16 23 14 18 15 15 16 12 18 11 21 11 23 12 25 14 26 16 26 18 25 19 24 20 21 19 19 17 17 15 15 12 14 8 13 5 13 2 13 -2 14 -5 15 -7 16 -10 16 0 0 0 0 0 0 0 0 0 0 0 0 0 0 0 0 0 0 0 0 0 0 12 -4 12 -1 13 3 14 6 16 8 18 11 20 13 22 14 24 14 24 15 25 14 25 13 24 12 22 11 19 11 17 11 14 14 13 17 12 20 13 25 15 29 19 32 23 34 27 35 32 34 35 31
CSI_DATA: 28 -64 1 0 -32 -23 -28 -19 -23 -17 -18 -17 -14 -18 -11 -20 -9 -23 -9 -25 -10 -28 -12 -30 -14 -30 -16 -30 -18 -28 -18 -26 -18 -23 -16 -21 -14 -19 -11 -16 -8 -15 -4 -14 -1 -14 3 -14 6 -15 9 -15 12 -15 0 0 0 0 0 0 0 0 0 0 0 0 0 0 0 0 0 0 0 0 0 0 -13 4 -13 0 -14 -4 -16 -8 -16 -11 -18 -13 -20 -15 -22 -17 -24 -18 -25 -17 -27 -17 -27 -16 -25 -14 -23 -13 -21 -13 -18 -13 -15 -15 -12 -18 -11 -22 -11 -26 -13 -31 -16 -35 -21 -38 -25 -39 -30 -39 -34 -37
CSI_DATA: 28 -64 1 0 -32 15 -27 13 -23 10 -21 6 -20 2 -20 -1 -22 -4 -24 -5 -27 -6 -29 -4 -30 -3 -30 -1 -30 0 -28 2 -26 2 -23 3 -21 1 -18 0 -15 -2 -12 -5 -11 -8 -9 -10 -8 -13 -7 -16 -6 -18 0 0 0 0 0 0 0 0 0 0 0 0 0 0 0 0 0 0 0 0 0 0 0 11 -4 10 -7 9 -11 9 -14 9 -17 9 -20 10 -22 11 -24 12 -24 13 -24 15 -23 15 -21 15 -20 14 -18 12 -18 9 -18 6 -19 3 -22 0 -25 -2 -30 -3 -34 -2 -39 0 -42 4 -43 8 -43 11
CSI_DATA: 28 -64 1 0 -8 -35 -7 -30 -5 -26 -2 -22 1 -20 4 -20 7 -20 9 -21 10 -24 10 -26 10 -28 8 -29 6 -29 5 -28 3 -26 3 -24 2 -21 3 -19 4 -16 5 -13 7 -10 9 -8 12 -6 14 -4 16 -2 0 0 0 0 0 0 0 0 0 0 0 0 0 0 0 0 0 0 0 0 0 0 -10 -6 -9 -9 -7 -12 -6 -15 -5 -18 -5 -20 -5 -23 -6 -25 -7 -26 -7 -27 -8 -26 -8 -25 -9 -24 -7 -22 -6 -21 -3 -19 0 -18 3 -19 6 -21 9 -25 10 -28 10 -33 9 -38 7 -41 4 -44 0 -45
CSI_DATA: 30 -32 1 0 12 16 16 18 15 19 11 17 6 14 4 10 1 7 7 7 6 2 3 -1 7 -4 4 -5 5 -4 4 -2 -3 -6 -6 -10 -9 -5 -9 -7 -10 -4 -12 -6 -9 -7 -9 -6 -10 -5 -8 -7 -10 -1 0 0 0 0 0 0 0 0 0 0 0 0 0 0 0 0 0 0 0 0 0 0 20 -7 13 -6 16 -6 13 -8 11 -5 10 -1 1 -6 2 -8 -3 -1 -9 1 -13 -6 -18 -9 -21 0 -31 -9 -28 -7 -35 -8 -31 -11 -32 -8 -30 -10 -23 -6 -20 -4 -16 -2 -3 -7 1 0 4 9 6 12
CSI_DATA: 30 -32 1 0 -4 2 -1 -2 -5 -4 2 -3 -11 -6 1 -1 -6 -5 -4 -10 -8 -5 -8 -3 -4 -7 -5 -5 -9 -8 -5 -11 -1 -7 -7 -3 2 -8 -1 -10 1 -8 3 -3 3 -3 4 1 1 1 5 3 5 2 0 0 0 0 0 0 0 0 0 0 0 0 0 0 0 0 0 0 0 0 0 0 9 -1 12 -1 8 -3 6 -3 17 -2 4 -12 8 -25 1 -20 -6 -11 1 -21 11 -11 -3 -7 -5 -1 -9 -6 0 6 -8 1 -2 -2 -5 16 -1 14 -5 18 -8 8 1 16 -4 19 -3 22 -7 9 -7 9
CSI_DATA: 30 -32 1 0 8 -3 1 5 -7 10 -15 7 -3 5 -9 5 -5 11 -14 2 -10 8 -10 7 -18 -1 -12 7 -9 8 -10 -6 -7 -3 -7 -4 -6 2 1 -4 0 -2 13 -4 5 1 9 7 12 4 10 5 4 9 0 0 0 0 0 0 0 0 0 0 0 0 0 0 0 0 0 0 0 0 0 0 -5 12 2 11 2 22 4 17 2 9 6 12 0 19 11 13 13 15 11 13 13 10 11 11 12 7 9 -1 8 0 6 -10 1 -12 5 -10 9 -12 6 -21 7 -10 6 -22 9 -21 7 -10 7 -6 5 -2
CSI_DATA: 30 -32 1 0 -3 2 3 -1 4 -3 7 0 11 -4 7 -4 11 -2 17 -3 13 -3 19 2 14 1 7 2 12 11 9 3 2 4 0 1 -1 5 1 6 -4 -2 -3 -7 -8 -8 -5 -8 2 -6 8 -9 -1 -13 0 0 0 0 0 0 0 0 0 0 0 0 0 0 0 0 0 0 0 0 0 0 -3 -12 -7 -11 -11 -14 -11 -15 -13 -12 -12 -17 -11 -14 -10 -13 -16 -11 -17 -13 -16 -7 -7 -10 -11 -7 -9 -5 -10 -2 -10 9 -8 7 -8 5 -7 17 -2 18 -9 20 -13 19 -12 18 -18 13 -14 15 -11 3
CSI_DATA: 30 -32 1 0 1 0 1 6 -5 7 -14 3 -8 2 -12 0 -12 0 -16 2 -14 0 -9 0 -14 -7 -14 0 -10 -10 -15 -7 -11 -2 -1 1 4 -5 8 -5 7 2 5 0 0 11 -3 8 -2 10 3 5 -5 12 0 0 0 0 0 0 0 0 0 0 0 0 0 0 0 0 0 0 0 0 0 0 2 14 9 10 4 9 4 14 7 16 9 14 8 17 6 13 9 14 11 11 9 13 12 7 9 4 0 3 11 0 5 -6 7 -9 8 -12 10 -14 7 -18 11 -15 14 -19 13 -20 14 -14 15 -15 7 -11
CSI_DATA: 30 -32 1 0 -2 -7 -4 9 -2 -6 -3 0 5 -10 3 -12 5 -11 3 -14 2 -17 -1 -13 5 -6 16 -5 12 -9 15 -12 8 -5 8 3 2 -4 0 6 -7 12 -8 -5 -9 -6 -4 0 -4 -4 -6 -9 -4 -2 0 0 0 0 0 0 0 0 0 0 0 0 0 0 0 0 0 0 0 0 0 0 -9 10 -8 10 -11 10 -9 11 -2 12 -12 14 -3 14 0 19 -10 20 -8 18 -10 17 -6 17 -2 3 -11 7 0 11 6 5 10 7 4 -1 4 6 15 7 28 9 25 9 9 11 14 21 14 7 9 6
CSI_DATA: 30 -32 1 0 1 3 -1 1 2 -3 12 6 7 2 7 4 9 -2 9 6 9 11 11 9 7 9 12 8 3 8 3 12 2 11 -6 5 1 8 -1 -4 -6 -8 -4 -6 2 -10 -1 -3 2 -9 4 -8 8 -10 0 0 0 0 0 0 0 0 0 0 0 0 0 0 0 0 0 0 0 0 0 0 0 -14 -6 -13 -7 -16 -7 -17 -3 -21 -6 -15 -12 -15 -10 -15 -7 -16 -14 -17 -8 -15 -13 -8 -10 -9 -6 -4 -7 -4 -7 0 -10 5 -15 5 -14 12 -16 12 -23 19 -12 12 -16 12 -15 7 -17 -2 -14 3
CSI_DATA: 30 -32 1 0 2 -4 4 3 7 5 -3 11 -1 11 -3 11 -8 5 -8 10 -9 12 -10 17 -6 10 -9 15 -6 8 -13 4 -9 -2 -10 -2 -6 -2 -1 -4 2 0 3 -1 5 -10 9 -2 8 -5 4 2 11 2 0 0 0 0 0 0 0 0 0 0 0 0 0 0 0 0 0 0 0 0 0 0 8 11 13 10 10 13 12 10 11 13 16 14 16 7 14 6 16 9 15 9 20 8 8 3 9 -2 5 -3 3 -4 1 -11 -2 -11 1 -17 1 -23 -6 -15 -8 -16 -4 -20 1 -20 4 -29 -1 -16 -1 -8
CSI_DATA: 30 -32 1 0 3 -5 -1 4 -5 2 -14 0 -7 5 -12 5 -10 8 -10 2 -14 3 -17 5 -17 5 -11 -1 -15 -3 -18 -1 -13 -1 -7 -1 1 -4 3 -1 4 -2 5 7 10 6 6 7 4 4 6 9 3 10 0 0 0 0 0 0 0 0 0 0 0 0 0 0 0 0 0 0 0 0 0 0 0 10 -4 8 3 10 -3 15 4 14 4 14 11 18 10 12 7 17 4 10 8 13 13 14 2 4 8 3 7 -3 5 -5 7 -7 7 -18 4 -14 10 -18 13 -18 17 -18 9 -22 12 -8 13 -14 12 -7
CSI_DATA: 30 -32 1 0 2 -5 -1 0 -5 9 0 8 -8 13 -16 12 -17 1 -13 4 -17 -1 -15 5 -9 2 -12 -1 -7 -2 -5 -2 -9 -4 -9 -7 -9 2 -5 -1 -2 -3 0 -1 3 -6 8 -6 5 4 9 2 5 -1 0 0 0 0 0 0 0 0 0 0 0 0 0 0 0 0 0 0 0 0 0 0 -7 -3 -14 -5 -16 3 -14 5 -19 6 -13 1 -12 11 -15 11 -11 7 -14 10 -9 9 -11 9 -3 8 -4 -3 6 8 -1 6 14 -3 11 -6 13 -9 13 -6 21 -7 21 -5 22 -2 12 -4 16 2 9 -5
CSI_DATA: 28 -64 1 0 38 -6 33 -7 30 -6 26 -4 23 -2 22 0 22 2 23 4 24 5 26 5 27 5 28 4 28 2 28 1 26 0 25 -1 23 0 21 0 18 1 16 2 14 4 12 7 10 9 9 11 7 14 0 0 0 0 0 0 0 0 0 0 0 0 0 0 0 0 0 0 0 0 0 0 9 -11 10 -8 13 -6 15 -4 18 -2 20 -1 22 0 24 0 27 -1 27 -1 28 -2 28 -2 27 -3 26 -3 23 -3 22 -2 21 0 22 3 22 6 25 8 28 10 32 10 36 11 40 9 43 6 45 2
CSI_DATA: 28 -64 1 0 11 -35 12 -40 12 -43 10 -46 7 -48 3 -47 -1 -44 -4 -40 -5 -36 -5 -30 -3 -25 0 -20 4 -17 8 -14 13 -11 17 -11 21 -10 24 -10 26 -10 27 -10 27 -10 26 -9 25 -8 23 -6 21 -3 0 0 0 0 0 0 0 0 0 0 0 0 0 0 0 0 0 0 0 0 0 0 -25 10 -26 9 -27 8 -27 7 -26 6 -24 5 -22 3 -19 0 -17 -3 -14 -8 -11 -13 -10 -18 -9 -24 -10 -29 -11 -34 -14 -38 -18 -39 -22 -40 -26 -39 -27 -36 -28 -33 -27 -29 -24 -26 -19 -24 -12 -23 -5 -24
CSI_DATA: 28 -64 1 0 17 4 18 10 20 14 23 17 26 18 28 17 30 16 31 13 31 10 29 8 26 5 22 4 18 4 14 5 10 6 6 9 2 12 0 14 -2 16 -4 18 -5 19 -6 20 -7 21 -8 20 -9 19 0 0 0 0 0 0 0 0 0 0 0 0 0 0 0 0 0 0 0 0 0 0 -4 -16 -2 -19 -1 -21 0 -23 0 -23 0 -24 1 -23 1 -23 2 -21 3 -18 4 -15 6 -12 9 -8 13 -6 18 -3 22 -2 27 -3 31 -4 34 -7 36 -10 37 -13 36 -16 33 -18 30 -19 26 -17 23 -13
CSI_DATA: 30 -32 1 0 17 16 14 11 13 12 13 12 14 11 6 7 6 3 7 9 6 4 9 3 6 1 11 -2 5 4 15 0 10 7 10 1 9 9 6 5 9 5 7 7 8 7 4 6 7 3 2 1 2 1 0 0 0 0 0 0 0 0 0 0 0 0 0 0 0 0 0 0 0 0 0 0 4 5 4 7 3 8 6 6 13 11 11 7 7 10 7 12 3 12 7 12 16 9 4 10 11 12 10 9 7 10 14 11 16 17 7 16 9 12 11 9 5 16 7 16 18 20 11 13 9 17 14 14
CSI_DATA: 30 -32 1 0 -1 1 10 -3 9 -12 15 -11 16 -9 9 -10 16 -21 14 -16 9 -13 11 -19 10 -15 3 -20 3 -23 6 -18 -2 -7 -1 -11 -6 3 -6 -7 -12 -6 -16 -6 -17 -3 -17 -3 -15 -5 -16 -2 -13 -4 0 0 0 0 0 0 0 0 0 0 0 0 0 0 0 0 0 0 0 0 0 0 -1 -8 -6 -8 -7 -10 -6 -16 -6 -15 -8 -14 -7 -15 -2 -18 -4 -18 0 -9 -6 -10 -3 -12 0 -7 -3 -1 -3 3 -4 12 -7 15 -6 23 -14 23 -18 19 -16 28 -17 18 -12 23 -20 21 -13 14 -9 9
CSI_DATA: 30 -32 1 0 -11 12 -7 13 -2 5 0 7 2 4 7 -2 18 1 13 -2 18 0 19 0 19 -7 19 2 15 -1 12 -1 3 -1 6 -2 5 -3 1 -5 -5 -8 -5 -11 -6 -7 -10 -15 -8 -14 -2 -9 -5 -11 0 0 0 0 0 0 0 0 0 0 0 0 0 0 0 0 0 0 0 0 0 0 -7 -2 -6 -7 -9 -2 -6 -6 -5 -13 -2 -13 -5 -13 -4 -16 3 -20 0 -20 4 -16 3 -19 2 -18 2 -9 1 -10 -3 -10 -1 -5 -2 1 -8 2 -12 4 -16 5 -10 8 -16 9 -12 11 -11 12 -19 16
CSI_DATA: 30 -32 1 0 0 -1 -6 -4 -10 -14 -10 -17 -16 -10 -10 -20 -10 -19 -15 -24 -11 -14 -9 -14 -7 -10 -7 -12 -10 -11 -11 -13 -11 -1 -12 -2 -18 -4 -12 -3 -9 -2 -8 -2 -9 -2 -4 0 -4 6 -2 4 -3 5 0 0 0 0 0 0 0 0 0 0 0 0 0 0 0 0 0 0 0 0 0 0 0 25 -1 28 2 30 -4 26 -3 28 -8 27 -4 22 -5 19 -4 14 -1 9 -4 1 5 4 10 1 15 5 15 -3 22 -2 18 2 24 -1 23 -1 23 -2 22 -1 27 -2 26 -3 24 2 26 0 15 0
CSI_DATA: 30 -32 1 0 -2 6 0 -5 2 -2 2 0 8 1 13 -4 10 -14 7 -2 7 -3 14 -7 13 -2 10 -4 8 -4 8 -9 7 -7 5 -3 -4 -7 -3 -6 -8 -4 -6 -8 -12 -7 -2 -6 -8 -9 -8 -4 -2 -3 0 0 0 0 0 0 0 0 0 0 0 0 0 0 0 0 0 0 0 0 0 0 2 -18 5 -21 2 -21 2 -17 -1 -16 1 -14 6 -11 2 -9 2 -12 3 4 0 2 -4 3 -1 10 0 8 1 17 -2 11 -2 13 -10 15 -11 17 -10 12 -6 16 -4 23 -8 21 -12 18 -7 13 -8 11
CSI_DATA: 30 -32 1 0 10 4 18 -2 7 -2 16 -5 11 -3 11 -2 2 -5 11 -4 10 -3 5 -4 4 2 -2 0 -7 2 -4 -2 -10 7 -7 7 -8 3 -8 11 -4 9 -2 6 -2 9 2 10 5 8 3 5 5 3 0 0 0 0 0 0 0 0 0 0 0 0 0 0 0 0 0 0 0 0 0 0 -7 10 -10 12 -7 8 -10 13 -5 6 -8 5 -10 6 -11 0 -9 -1 -1 2 -2 -2 -3 -7 -5 -7 -5 -10 -1 -16 0 -18 0 -22 -4 -19 -3 -15 -1 -18 0 -9 1 -9 11 -4 7 -3 1 -4 10 5
CSI_DATA: 30 -32 1 0 -8 -4 -1 1 -4 -3 3 0 3 -6 3 -3 -2 -7 2 -10 0 -6 0 -13 4 -13 1 -9 2 -14 6 -16 -2 -11 -1 -11 3 -15 0 -6 8 -9 -5 -6 -3 0 -6 -3 -4 4 -12 3 -7 -1 0 0 0 0 0 0 0 0 0 0 0 0 0 0 0 0 0 0 0 0 0 0 2 -9 -2 -14 3 -13 3 -22 -1 -20 1 -18 3 -27 4 -26 2 -22 6 -18 4 -14 3 -11 1 -10 -2 -8 0 -8 -6 -1 -9 1 -11 -2 -10 1 -13 8 -16 10 -19 7 -23 14 -16 14 -22 9 -13 6
CSI_DATA: 30 -32 1 0 13 16 3 23 -4 10 -4 10 -8 11 -6 4 -8 3 -12 7 -12 -4 -13 -2 -12 -5 -14 -6 -11 -1 -14 -4 -12 -8 -10 -3 -5 2 0 5 -4 10 -3 2 -5 4 -5 5 -6 7 -6 6 -3 6 0 0 0 0 0 0 0 0 0 0 0 0 0 0 0 0 0 0 0 0 0 0 -7 -5 -17 6 -21 5 -25 7 -15 11 -20 1 -27 -9 -36 9 -28 5 -27 4 -24 5 -21 10 -21 3 -12 6 -11 1 -4 0 -12 7 -7 8 -1 -1 0 1 -1 4 10 12 4 9 2 9 6 4 14 7
CSI_DATA: 30 -32 1 0 12 -8 13 1 13 1 11 -7 10 7 8 4 9 9 -1 10 4 14 -1 11 3 18 -9 8 -2 9 -8 13 3 5 -2 5 4 6 0 9 0 6 4 3 7 5 5 6 2 6 4 0 5 2 0 0 0 0 0 0 0 0 0 0 0 0 0 0 0 0 0 0 0 0 0 0 6 6 5 7 7 10 8 12 8 17 10 23 7 26 11 23 2 13 5 22 4 17 5 18 10 18 8 11 5 13 13 11 12 4 9 3 18 4 6 2 11 -2 4 -4 7 -6 4 -8 15 -5 11 -14
CSI_DATA: 30 -32 1 0 -7 9 -9 10 -8 4 -13 10 -12 4 -10 -5 -4 -4 -15 -10 -11 -8 -14 -11 -11 -15 -7 -10 -5 -16 -5 -12 -8 -10 -10 -6 2 -5 -8 -2 -8 -4 -10 3 -6 2 -7 1 -9 -2 -3 1 -7 6 0 0 0 0 0 0 0 0 0 0 0 0 0 0 0 0 0 0 0 0 0 0 -4 -13 -6 -12 -7 -14 -4 -15 -9 -24 -7 -27 -9 -24 -14 -24 -12 -24 -11 -26 -4 -16 -13 -22 -10 -14 -11 -15 -12 -9 -10 -9 -17 -6 -8 -9 -7 0 -8 2 -8 1 1 4 -2 6 -7 12 -5 20 -8 11
CSI_DATA: 30 -32 1 0 -23 -11 -3 -11 -6 -9 -14 -12 -5 -10 -7 -16 1 -10 -2 -13 7 -10 7 -13 8 -16 3 -10 7 -5 4 -12 4 -8 1 -9 1 -6 -2 -2 -7 -8 -5 -4 -9 -1 -4 -6 -7 -4 -7 -4 -6 -5 0 0 0 0 0 0 0 0 0 0 0 0 0 0 0 0 0 0 0 0 0 0 5 3 2 -2 18 7 13 4 31 3 16 0 29 1 27 8 27 1 22 5 24 -2 13 -9 16 -6 9 -3 14 -3 11 -9 6 -11 8 -4 5 -7 -11 -9 2 -8 -18 -6 -8 -3 -8 -6 -19 0 -17 -12
CSI_DATA: 30 -32 1 0 10 -8 3 -11 16 -12 3 -2 13 6 7 7 13 5 6 12 2 7 10 14 5 13 2 8 3 8 -5 15 -1 4 4 -2 6 6 3 6 6 7 2 -2 7 4 4 -3 6 -1 4 -3 5 -4 0 0 0 0 0 0 0 0 0 0 0 0 0 0 0 0 0 0 0 0 0 0 4 9 0 15 6 17 5 13 7 17 12 26 3 19 4 28 6 21 2 27 13 16 15 22 3 11 11 17 16 8 9 10 10 8 11 2 8 5 9 9 4 3 2 -8 2 -8 3 -14 6 -17 2 -19
CSI_DATA: 30 -32 1 0 -3 10 1 10 -6 10 -5 -7 -11 1 -12 -6 -6 -8 -7 -4 -7 -10 -14 -18 -8 -9 -5 -16 -9 -16 -7 -10 -5 -5 -8 -9 -7 -7 -2 -10 -2 2 -9 -4 -8 -6 -6 -6 -10 -1 -7 -1 -13 4 0 0 0 0 0 0 0 0 0 0 0 0 0 0 0 0 0 0 0 0 0 0 1 0 -14 2 -16 12 -5 10 -14 4 -21 8 -19 -5 -16 -2 -28 5 -19 3 -17 4 -31 6 -20 5 -21 -6 -22 7 -20 2 -7 9 -4 8 -8 3 -1 2 3 8 3 2 6 10 11 5 4 12 8 13
CSI_DATA: 30 -32 1 0 -12 8 -10 -4 2 -4 -11 -10 -9 -11 -4 -6 -6 -6 -4 -13 -2 -17 -6 -18 -6 -10 7 -17 -5 -17 -3 -14 -1 -10 -6 -9 -4 -5 -11 -7 -2 0 -3 3 -9 1 -18 -6 -11 9 -8 1 -8 -2 0 0 0 0 0 0 0 0 0 0 0 0 0 0 0 0 0 0 0 0 0 0 11 -5 6 -13 13 -5 8 -9 9 -21 10 -6 5 -21 11 -19 21 -19 24 -16 21 -19 5 -16 5 -21 6 -12 7 -15 6 -21 -3 -9 -1 -12 -1 -14 0 -9 -1 0 1 7 -4 9 0 16 -6 5 -24 5
CSI_DATA: 30 -32 1 0 -11 13 -9 5 -9 0 -9 0 -10 -4 -12 -3 -9 -9 -3 -12 -6 -13 -1 -12 -2 -14 1 -16 -4 -15 -2 -12 -3 -14 -3 -8 0 -11 -5 -8 -5 -5 -5 -8 -5 -3 -5 -5 -9 -1 -5 1 -5 -2 0 0 0 0 0 0 0 0 0 0 0 0 0 0 0 0 0 0 0 0 0 0 -2 -9 -7 -7 -8 -14 -6 -15 -14 -20 -10 -23 -8 -30 -9 -24 -8 -26 -3 -24 -6 -26 -8 -9 -13 -21 -10 -15 -12 -9 -8 -12 -9 -13 -11 -8 -10 -6 -8 -5 -7 9 -6 2 -10 3 -9 9 -7 15 -8 13
CSI_DATA: 30 -32 1 0 -4 -21 -4 -8 4 -12 3 -7 7 -10 7 -2 9 -6 15 -4 12 2 11 2 10 5 11 8 12 9 3 5 8 5 12 -1 9 0 6 0 4 3 4 -6 6 -3 3 -7 3 -5 0 -7 1 -7 0 0 0 0 0 0 0 0 0 0 0 0 0 0 0 0 0 0 0 0 0 0 6 2 8 -2 11 -7 19 -5 21 -4 18 -5 25 2 25 -1 20 0 21 -7 20 -5 20 -3 17 -5 18 -8 12 -7 12 -4 7 -11 10 -8 6 -9 -1 -6 5 -9 0 -8 -11 -5 -10 -9 -9 -18 -15 -15
CSI_DATA: 30 -32 1 0 17 -4 7 -9 8 -3 11 9 -1 10 4 6 0 7 1 11 -9 17 -11 8 -8 16 0 15 -4 10 -5 10 -6 12 -4 5 3 17 1 7 0 7 -2 3 4 0 3 1 0 -2 7 0 7 -4 0 0 0 0 0 0 0 0 0 0 0 0 0 0 0 0 0 0 0 0 0 0 -13 2 -3 10 -11 18 -14 13 -7 18 -16 16 -11 19 -10 25 -13 20 -18 25 -7 19 -11 20 -4 20 0 21 -8 22 -6 13 1 22 -4 12 3 11 2 8 0 0 -5 5 5 -9 12 0 18 -9 12 -2
CSI_DATA: 30 -32 1 0 -12 -11 -8 -9 -1 -9 -6 -6 -2 -12 -2 -11 3 -16 10 -10 4 -4 13 -10 11 -11 3 -3 16 -7 11 -7 18 -9 15 -8 10 -4 12 -7 6 -7 -3 -2 0 -5 -7 -3 -1 -12 2 -4 -6 -3 0 0 0 0 0 0 0 0 0 0 0 0 0 0 0 0 0 0 0 0 0 0 -5 15 2 2 2 5 8 6 14 4 17 13 17 8 22 1 22 -1 19 10 23 3 28 11 15 3 21 -1 16 0 25 2 19 0 13 0 14 -2 6 -7 6 0 5 -1 2 3 -8 -4 -7 -6 -5 -4
CSI_DATA: 28 -64 1 0 19 28 17 25 14 21 11 20 8 19 5 20 4 21 3 23 3 24 4 26 5 27 7 27 8 27 9 25 9 23 8 21 8 19 5 17 4 15 1 14 -2 13 -4 12 -7 12 -10 11 -12 11 0 0 0 0 0 0 0 0 0 0 0 0 0 0 0 0 0 0 0 0 0 0 11 2 11 6 10 8 10 12 10 14 11 17 11 19 13 20 14 21 14 21 15 21 15 20 15 19 13 18 12 18 9 17 7 18 5 19 3 23 2 26 2 29 4 33 7 37 10 39 14 40 18 39
CSI_DATA: 28 -64 1 0 -27 -21 -25 -18 -20 -16 -18 -17 -15 -17 -13 -18 -12 -20 -13 -22 -13 -23 -15 -24 -17 -23 -18 -23 -19 -21 -19 -19 -18 -17 -16 -15 -15 -14 -12 -13 -9 -13 -7 -13 -4 -14 -1 -14 1 -15 3 -16 5 -17 0 0 0 0 0 0 0 0 0 0 0 0 0 0 0 0 0 0 0 0 0 0 -13 0 -13 -4 -12 -6 -13 -10 -13 -12 -15 -14 -15 -16 -17 -18 -19 -18 -19 -19 -20 -18 -20 -17 -20 -16 -18 -15 -17 -15 -15 -15 -13 -16 -11 -18 -10 -22 -11 -25 -13 -28 -15 -31 -19 -33 -22 -34 -26 -33 -30 -32
CSI_DATA: 30 -32 1 0 -7 -12 0 -13 -3 -17 -1 -18 0 -15 3 -16 3 -15 0 -10 -1 -5 0 -8 3 -5 -6 -5 -3 3 -7 -2 -5 2 -8 -4 -4 -10 -4 -4 -3 -3 -2 -8 -2 -2 -3 3 2 -3 1 -5 4 -1 0 0 0 0 0 0 0 0 0 0 0 0 0 0 0 0 0 0 0 0 0 0 -3 10 -2 8 -2 13 -1 15 7 15 5 10 2 17 7 15 4 14 5 19 1 10 0 13 1 3 10 7 7 1 12 6 14 8 15 4 14 3 14 7 20 8 15 4 13 5 1 4 0 5 -4 -4
CSI_DATA: 28 -64 1 0 -33 15 -28 13 -25 10 -23 8 -22 4 -23 2 -24 0 -26 -1 -27 -1 -29 0 -30 2 -30 3 -30 5 -28 6 -26 6 -23 6 -21 5 -19 3 -17 1 -15 -1 -14 -5 -13 -7 -12 -9 -12 -12 -11 -15 0 0 0 0 0 0 0 0 0 0 0 0 0 0 0 0 0 0 0 0 0 0 -6 11 -9 10 -12 9 -15 8 -18 8 -20 8 -22 8 -24 9 -26 10 -25 11 -25 12 -25 12 -23 12 -22 11 -21 8 -21 6 -21 3 -22 1 -25 -1 -28 -2 -32 -3 -36 -1 -40 1 -42 5 -44 9 -44 12
CSI_DATA: 28 -64 1 0 -30 20 -26 17 -23 14 -22 11 -21 8 -22 6 -24 4 -26 4 -27 3 -29 4 -29 6 -29 8 -28 10 -27 10 -24 11 -22 10 -20 9 -18 7 -17 4 -15 2 -15 -1 -14 -4 -14 -7 -14 -10 -14 -12 0 0 0 0 0 0 0 0 0 0 0 0 0 0 0 0 0 0 0 0 0 0 -5 12 -8 10 -11 9 -14 9 -17 9 -19 9 -21 10 -23 11 -24 13 -24 13 -24 13 -24 13 -22 13 -21 12 -20 10 -20 8 -20 6 -22 3 -25 2 -28 1 -32 2 -36 4 -40 6 -42 10 -43 14 -42 17
CSI_DATA: 28 -64 1 0 -42 -20 -36 -17 -31 -16 -26 -17 -23 -19 -21 -21 -21 -24 -22 -26 -24 -28 -26 -28 -28 -27 -30 -26 -30 -24 -30 -21 -28 -19 -26 -17 -23 -16 -20 -15 -16 -15 -12 -16 -9 -17 -5 -18 -2 -20 1 -22 4 -23 0 0 0 0 0 0 0 0 0 0 0 0 0 0 0 0 0 0 0 0 0 0 -17 2 -18 -3 -19 -6 -21 -10 -22 -13 -25 -15 -26 -16 -29 -17 -30 -18 -31 -18 -31 -17 -31 -16 -29 -15 -27 -15 -24 -15 -22 -17 -20 -19 -19 -23 -19 -27 -21 -31 -25 -35 -29 -38 -35 -39 -40 -39 -45 -37 -48 -33
CSI_DATA: 30 -32 1 0 -6 -6 -8 -13 -10 -9 -5 -11 -6 -8 -6 -7 1 -9 0 -6 -1 0 -4 -2 -6 -4 -5 8 -9 4 -1 -1 -4 -5 -7 -2 4 -7 3 -5 -1 -2 2 -3 1 0 0 -1 -2 3 -1 1 -5 4 0 0 0 0 0 0 0 0 0 0 0 0 0 0 0 0 0 0 0 0 0 0 0 -9 -1 -11 5 -13 1 -16 4 -13 7 -14 2 -16 5 -20 4 -16 0 -13 6 -13 5 -3 5 -10 -2 -11 -1 -1 -2 -9 -7 -8 -5 -2 -11 -5 -11 -6 -12 -5 -12 -8 -18 -8 -18 -10 -20 -14 -20 -10
CSI_DATA: 28 -64 1 0 4 22 -1 21 -5 21 -8 24 -10 26 -10 29 -9 31 -7 32 -5 32 -3 31 -1 30 1 27 1 24 0 20 -1 17 -4 14 -7 12 -9 9 -12 8 -15 7 -18 7 -19 6 -21 5 -22 4 -22 3 0 0 0 0 0 0 0 0 0 0 0 0 0 0 0 0 0 0 0 0 0 0 13 3 14 6 16 8 17 11 18 12 19 13 20 13 20 13 20 13 18 13 16 12 13 12 10 13 7 14 3 17 1 20 -1 24 -1 27 0 32 2 35 5 38 9 39 12 39 15 37 16 35 15 31
CSI_DATA: 28 -64 1 0 22 -7 24 -4 27 -2 30 -2 31 -3 33 -5 33 -7 33 -10 31 -12 29 -13 25 -14 22 -13 19 -12 17 -9 15 -6 14 -3 14 0 13 3 14 6 14 9 14 10 15 12 15 13 15 15 14 16 0 0 0 0 0 0 0 0 0 0 0 0 0 0 0 0 0 0 0 0 0 0 1 -20 2 -21 3 -22 4 -22 4 -22 5 -21 5 -20 6 -19 7 -16 9 -14 11 -11 13 -9 16 -8 20 -7 23 -7 26 -8 30 -10 31 -12 32 -16 32 -19 31 -22 29 -24 27 -24 25 -24 23 -22 22 -19
CSI_DATA: 30 -32 1 0 11 1 14 3 21 -1 14 2 14 6 11 0 6 0 10 1 10 1 4 0 6 2 5 2 0 6 0 8 -3 14 -5 15 -2 18 -4 15 -7 18 -5 18 -7 12 -8 14 -8 15 -5 13 -4 2 0 0 0 0 0 0 0 0 0 0 0 0 0 0 0 0 0 0 0 0 0 0 1 -3 1 -1 6 -3 9 0 1 2 2 -1 7 7 8 2 1 1 9 -3 9 1 13 -3 4 -4 6 -7 -5 -8 4 -11 -12 -3 -4 -10 -10 -10 -7 -13 -8 -11 -4 -6 -6 -7 -5 -1 -3 -8 3 -1
CSI_DATA: 30 -32 1 0 6 11 13 9 9 11 6 11 9 5 6 11 6 8 6 6 5 3 1 4 -1 2 -7 -3 -2 10 -7 5 -7 1 -16 0 -13 6 -18 0 -16 -2 -18 -4 -20 -3 -21 -5 -14 -1 -10 -5 -6 -4 0 0 0 0 0 0 0 0 0 0 0 0 0 0 0 0 0 0 0 0 0 0 -2 -1 3 -1 2 1 1 6 8 2 5 1 2 3 5 3 8 1 9 3 4 0 4 -5 4 -3 3 -4 4 -6 0 -9 -4 -7 -7 -14 -4 -14 -13 -9 -7 -11 -13 -7 -5 -11 -4 0 -1 -6 0 -6
CSI_DATA: 30 -32 1 0 -10 -6 -8 -14 -8 -12 -7 -15 -6 -17 -8 -8 -11 -15 -11 -17 -8 -13 -13 -9 -8 -15 -9 -9 -12 -7 -9 -8 -8 -6 0 -8 -6 -7 -4 -12 0 -9 0 -13 -2 -10 -7 -11 1 -12 -3 -11 1 -7 0 0 0 0 0 0 0 0 0 0 0 0 0 0 0 0 0 0 0 0 0 0 4 -1 1 0 1 1 2 0 2 -1 1 -3 -2 0 -1 -4 0 -3 1 -5 -2 -6 2 -3 0 -4 -4 -2 1 -9 0 -3 2 -2 -8 -9 -14 -3 -8 -9 -9 -6 -18 -1 -10 -7 -14 -3 -11 -12 -12 -9
CSI_DATA: 28 -64 1 0 -41 12 -44 14 -44 17 -43 20 -40 23 -36 25 -32 25 -28 24 -24 22 -21 19 -19 14 -18 10 -19 6 -21 3 -23 0 -25 -2 -27 -4 -29 -5 -29 -5 -29 -5 -28 -4 -26 -5 -25 -6 -22 -7 -19 -9 0 0 0 0 0 0 0 0 0 0 0 0 0 0 0 0 0 0 0 0 0 0 6 24 5 25 4 25 3 24 2 23 0 22 -2 20 -5 18 -9 16 -12 14 -17 13 -22 13 -26 14 -29 16 -31 20 -33 22 -33 26 -32 29 -29 31 -26 32 -23 31 -21 29 -21 25 -22 21 -24 17 -29 13
CSI_DATA: 30 -32 1 0 9 14 5 8 11 14 8 12 6 14 12 10 11 7 2 14 1 9 5 6 8 1 7 5 5 3 -1 7 5 -1 0 -5 0 -5 -4 -7 1 -4 1 -7 7 -7 5 -5 5 -2 8 -2 9 -4 0 0 0 0 0 0 0 0 0 0 0 0 0 0 0 0 0 0 0 0 0 0 -7 -3 -4 1 -1 -2 1 -3 -3 -4 0 6 -2 3 2 10 1 8 -3 8 -4 10 -7 11 -6 12 -5 14 -8 19 -7 15 -13 11 -7 6 -7 14 -3 10 -7 10 0 7 -6 3 -6 12 3 5 6 11
CSI_DATA: 30 -32 1 0 16 3 12 4 15 1 15 4 15 2 13 7 7 2 7 3 5 3 5 5 2 1 2 0 0 -4 -4 3 2 -2 -1 -10 -7 -6 -3 -5 5 -9 0 -9 6 -13 8 -7 4 -6 9 -7 8 -8 0 0 0 0 0 0 0 0 0 0 0 0 0 0 0 0 0 0 0 0 0 0 -4 -3 -5 1 -7 1 -3 0 3 0 0 5 7 0 1 4 4 7 3 10 4 10 4 12 5 13 2 15 7 16 3 16 1 10 -2 15 -7 15 7 21 3 15 1 15 6 5 7 8 6 -1 7 4
CSI_DATA: 30 -32 1 0 9 6 12 11 13 0 5 8 11 7 6 4 14 -1 9 10 7 1 4 2 2 -3 2 1 6 1 -3 -3 -1 -5 -6 0 -6 -5 -9 -10 2 -6 -7 -12 -4 -8 -1 -9 -6 -12 -7 -9 1 -9 0 0 0 0 0 0 0 0 0 0 0 0 0 0 0 0 0 0 0 0 0 0 -3 -3 4 -3 0 -7 3 0 -2 3 -2 1 -3 -3 -4 3 -4 7 -10 4 -5 9 -15 9 -16 8 -13 7 -12 9 -11 11 -11 15 -16 8 -11 12 -9 11 1 14 -5 11 -3 6 0 4 0 1 13 6
CSI_DATA: 30 -32 1 0 -11 3 -13 3 -17 -1 -14 2 -11 3 -16 2 -15 1 -12 -3 -9 4 -2 -2 -2 1 -7 4 1 -2 2 1 -3 6 6 3 2 7 -2 6 12 -2 8 1 5 4 8 5 2 9 8 7 1 6 0 0 0 0 0 0 0 0 0 0 0 0 0 0 0 0 0 0 0 0 0 0 5 2 5 -1 1 -4 2 0 0 -4 -2 -2 -2 -1 2 -7 0 -13 -4 -15 2 -17 -4 -13 -6 -15 -5 -19 6 -14 0 -9 -4 -22 -3 -16 2 -17 2 -17 0 -12 -1 -3 0 -12 -7 -11 -7 -2 -10 2
CSI_DATA: 30 -32 1 0 0 -20 0 -13 7 -20 -4 -11 0 -17 6 -12 4 -11 -3 -11 1 -9 3 -12 0 -3 -2 -5 -1 4 3 4 -3 0 -5 4 0 -1 -3 5 2 7 -4 7 -1 5 -3 6 -11 -2 -6 -4 -9 6 0 0 0 0 0 0 0 0 0 0 0 0 0 0 0 0 0 0 0 0 0 0 -4 5 -4 0 1 2 0 -1 -2 -2 4 9 2 3 9 4 9 2 9 6 11 3 13 5 8 6 8 12 15 6 20 8 9 11 13 6 13 4 14 7 9 2 12 -1 12 -2 13 0 1 0 6 -7
CSI_DATA: 28 -64 1 0 -8 32 -7 34 -5 35 -3 36 0 35 3 33 5 30 6 27 5 23 4 20 2 18 0 16 -3 16 -6 15 -8 15 -10 16 -12 17 -13 17 -13 18 -13 18 -13 17 -13 16 -13 14 -12 12 -12 9 0 0 0 0 0 0 0 0 0 0 0 0 0 0 0 0 0 0 0 0 0 0 18 7 17 8 17 9 16 9 15 9 13 10 11 10 9 11 6 12 4 14 2 17 0 19 -1 22 -1 25 0 28 1 30 3 31 6 31 8 31 9 30 10 28 10 26 7 24 5 23 2 24 -2 25
CSI_DATA: 28 -64 1 0 41 -16 36 -14 31 -10 28 -5 26 -1 27 3 29 6 31 8 34 8 37 7 38 5 39 3 38 1 37 -1 34 -2 29 -2 26 -1 23 1 19 3 16 6 13 10 11 13 9 17 8 20 6 23 0 0 0 0 0 0 0 0 0 0 0 0 0 0 0 0 0 0 0 0 0 0 4 -15 8 -14 13 -12 17 -11 20 -10 24 -11 27 -11 30 -13 32 -13 32 -15 32 -16 31 -16 29 -16 27 -14 25 -11 24 -8 24 -4 26 0 29 3 34 6 39 7 46 6 51 4 55 -1 58 -6 58 -11
CSI_DATA: 28 -64 1 0 -29 -14 -29 -14 -31 -14 -32 -12 -32 -10 -32 -7 -31 -5 -30 -3 -28 -1 -26 -1 -23 -1 -20 -1 -18 -3 -17 -5 -16 -7 -15 -8 -15 -10 -16 -12 -15 -13 -16 -14 -15 -14 -15 -15 -14 -15 -13 -15 -12 -15 0 0 0 0 0 0 0 0 0 0 0 0 0 0 0 0 0 0 0 0 0 0 -17 9 -17 8 -18 7 -18 6 -18 5 -17 4 -17 2 -17 1 -17 -2 -17 -5 -18 -7 -19 -9 -21 -11 -22 -12 -25 -13 -28 -13 -29 -11 -31 -10 -31 -8 -32 -6 -31 -4 -30 -3 -29 -3 -28 -4 -27 -6 -26 -9
CSI_DATA: 28 -64 1 0 6 -36 5 -31 5 -27 6 -23 8 -20 10 -19 13 -18 15 -19 16 -21 17 -22 16 -25 15 -26 13 -26 11 -26 9 -24 9 -23 8 -20 7 -17 8 -14 9 -11 10 -9 12 -6 14 -4 16 -2 17 1 0 0 0 0 0 0 0 0 0 0 0 0 0 0 0 0 0 0 0 0 0 0 -8 -11 -5 -12 -2 -14 1 -15 3 -17 5 -19 7 -21 7 -23 8 -25 7 -27 7 -27 6 -27 5 -26 4 -25 4 -23 6 -20 8 -19 10 -18 13 -18 17 -20 20 -22 22 -27 23 -31 22 -35 20 -39 17 -41
CSI_DATA: 28 -64 1 0 -21 27 -21 29 -20 31 -17 33 -14 33 -11 32 -9 31 -6 29 -5 26 -5 23 -5 20 -6 18 -8 16 -10 14 -12 14 -14 13 -15 13 -17 13 -17 13 -18 13 -18 13 -18 12 -18 11 -17 9 -17 7 0 0 0 0 0 0 0 0 0 0 0 0 0 0 0 0 0 0 0 0 0 0 10 17 8 17 7 17 6 17 4 16 2 15 0 15 -2 15 -5 16 -8 16 -11 17 -13 19 -15 21 -16 23 -16 26 -15 27 -14 29 -12 30 -9 31 -7 30 -6 29 -6 27 -7 25 -10 24 -12 24 -15 24
CSI_DATA: 28 -64 1 0 22 35 24 31 25 28 25 24 23 20 21 17 18 15 14 13 11 14 9 15 7 17 6 19 5 21 6 22 6 23 7 24 7 24 8 23 7 22 7 20 6 18 4 16 2 15 -1 13 -4 12 0 0 0 0 0 0 0 0 0 0 0 0 0 0 0 0 0 0 0 0 0 0 16 -5 14 -3 13 -1 12 2 11 5 11 8 10 11 11 14 11 17 12 20 14 21 16 23 18 23 20 23 21 21 21 19 20 17 19 16 17 15 14 15 12 17 11 20 9 23 9 28 11 32 13 35
CSI_DATA: 30 -32 1 0 9 14 13 8 5 8 12 13 10 9 12 9 8 6 9 7 7 11 8 9 7 7 6 4 5 5 4 7 9 6 9 5 9 3 8 -2 10 5 8 3 8 6 5 4 5 2 1 3 5 6 0 0 0 0 0 0 0 0 0 0 0 0 0 0 0 0 0 0 0 0 0 0 2 3 0 4 2 3 2 1 1 5 3 5 -1 3 5 1 6 10 1 8 -2 4 4 5 8 8 1 13 1 8 5 11 1 5 1 13 10 12 3 14 5 5 6 7 8 8 9 15 0 17 10 10
CSI_DATA: 28 -64 1 0 32 5 35 4 37 2 37 -1 36 -4 34 -6 31 -8 28 -9 24 -9 21 -8 18 -5 16 -2 16 1 16 4 16 6 17 8 18 10 19 11 19 12 19 11 19 11 17 11 16 11 14 11 11 11 0 0 0 0 0 0 0 0 0 0 0 0 0 0 0 0 0 0 0 0 0 0 5 -20 6 -20 7 -19 8 -19 8 -17 8 -16 9 -14 10 -12 12 -9 14 -6 16 -4 20 -2 23 -2 26 -2 29 -3 31 -4 32 -7 32 -9 31 -12 29 -13 27 -14 25 -13 24 -11 23 -8 23 -4 25 -1
CSI_DATA: 30 -32 1 0 -16 23 -7 22 -9 17 -13 22 -10 23 -5 17 -3 9 -6 14 -3 4 -3 2 0 1 8 -8 1 -7 12 -5 16 -7 14 -9 12 -10 12 -5 15 -5 12 -3 8 -5 8 -8 7 0 2 -5 1 0 0 0 0 0 0 0 0 0 0 0 0 0 0 0 0 0 0 0 0 0 0 0 7 2 6 3 4 0 2 4 1 -1 -4 1 -4 2 -8 0 -6 -6 -10 0 -10 -15 -9 -11 -9 -20 -3 -15 -7 -17 -6 -20 -8 -15 1 -13 0 -10 -4 -3 -1 6 -4 3 -6 9 -6 15 -10 14 -8 24
CSI_DATA: 30 -32 1 0 12 19 13 14 20 15 18 9 17 3 15 6 20 7 19 4 16 1 13 1 8 3 8 0 13 2 7 1 2 0 5 0 1 4 -2 4 1 3 2 5 -1 3 0 8 0 6 -7 10 -1 6 0 0 0 0 0 0 0 0 0 0 0 0 0 0 0 0 0 0 0 0 0 0 -5 -13 -5 -13 3 -10 -1 -11 7 -7 4 -9 6 -12 3 -8 11 -12 11 -8 18 -13 15 -4 17 -10 18 -10 15 -10 9 -10 9 -9 8 -6 11 -2 12 -7 10 -1 9 4 7 9 9 11 9 17 11 19
CSI_DATA: 30 -32 1 0 -4 -26 -5 -21 -5 -23 -10 -19 -9 -19 -10 -18 -13 -10 -10 -12 -9 -12 -12 -7 -10 -9 -8 -9 -14 -11 -6 -2 -2 -4 4 -2 -6 1 5 -3 6 -2 -1 -3 6 -3 4 -7 6 -6 3 -4 3 -13 0 0 0 0 0 0 0 0 0 0 0 0 0 0 0 0 0 0 0 0 0 0 -6 4 -7 2 -6 4 -14 1 -12 1 -13 -1 -15 2 -13 -6 -15 -5 -16 -7 -12 -7 -11 -8 -10 -6 -16 -12 -21 -6 -15 -12 -12 -5 -10 -7 -6 -4 -8 -5 -4 -7 5 -10 2 -15 6 -16 5 -11 9 -19
CSI_DATA: 30 -32 1 0 -13 -4 -4 -4 -1 -3 2 -5 4 -3 7 -2 8 -12 6 -11 1 -14 3 -15 8 -20 12 -19 1 -16 8 -18 5 -14 9 -20 -1 -14 3 -14 2 -10 -1 -10 -1 -12 -3 -6 0 -8 -3 -9 3 -4 0 0 0 0 0 0 0 0 0 0 0 0 0 0 0 0 0 0 0 0 0 0 3 6 1 5 -3 2 -5 4 -8 0 -5 2 -5 -4 -10 -4 -10 -2 -13 -4 -6 -6 -9 -11 -9 -9 -12 -13 -10 -12 -2 -14 -9 -12 -11 -17 -12 -16 -10 -24 -8 -24 -11 -23 -6 -22 -8 -17 -8 -17 -13 -10
CSI_DATA: 30 -32 1 0 10 -6 8 -7 11 -4 13 -8 13 -5 7 -8 9 -8 9 -13 4 -11 9 -13 5 -5 7 3 8 1 9 3 5 3 7 6 8 11 2 10 8 11 8 8 12 5 10 9 8 8 8 5 8 0 0 0 0 0 0 0 0 0 0 0 0 0 0 0 0 0 0 0 0 0 0 0 6 3 2 2 0 2 2 -2 3 3 0 1 0 -2 -5 -2 -8 -2 -8 -1 -12 -1 -6 -10 -14 -5 -19 -6 -18 -8 -19 -14 -22 -5 -19 -10 -17 -11 -23 -6 -18 -6 -14 -10 -12 -4 -4 -4 -2 -3 1 -6
CSI_DATA: 30 -32 1 0 -7 10 -8 11 -7 14 -7 9 -5 10 -6 9 -5 11 -3 7 -10 8 -6 1 -6 4 -6 8 -8 -5 -11 -5 -15 -10 -10 -4 -7 -7 -12 -9 -13 -9 -16 -3 -13 -7 -11 -4 -15 -4 -10 -4 -12 1 0 0 0 0 0 0 0 0 0 0 0 0 0 0 0 0 0 0 0 0 0 0 -4 0 0 -2 -4 -5 -2 -3 6 0 1 -4 6 -4 5 -4 11 -4 6 -5 13 5 13 1 13 -2 12 7 15 6 15 -1 11 -2 9 4 18 2 9 -1 8 -1 6 1 4 3 4 8 0 2 6 2
CSI_DATA: 30 -32 1 0 -15 -9 -17 -10 -16 -7 -11 -12 -16 -15 -14 -10 -15 -13 -14 -11 -15 -14 -14 -9 -18 -11 -14 -7 -18 -6 -13 -10 -11 -9 -10 -1 -1 -4 5 -1 -3 -5 5 -6 0 -6 -3 -6 1 -10 4 -9 1 -8 0 0 0 0 0 0 0 0 0 0 0 0 0 0 0 0 0 0 0 0 0 0 -4 7 -8 6 -5 6 -5 11 -7 13 -3 13 -1 9 -6 12 -5 7 2 14 -5 4 -4 4 -3 7 -3 -2 -1 1 -9 -5 -6 -4 -7 -5 -9 -4 -16 -3 -16 -9 -11 -3 -15 -7 -22 0 -21 -5 -20 0
CSI_DATA: 30 -32 1 0 8 -1 3 -2 4 3 10 8 5 3 8 1 12 2 8 1 12 4 8 -2 4 4 9 -5 5 5 6 -1 4 5 5 -4 -1 -7 1 -6 2 -14 0 -8 5 -9 3 -10 8 -8 6 -9 4 -4 0 0 0 0 0 0 0 0 0 0 0 0 0 0 0 0 0 0 0 0 0 0 2 -2 -1 -6 -1 -4 -4 -5 -5 -3 -4 -8 -1 -8 0 -5 -2 -5 -7 -4 -4 -9 -9 -6 -9 -6 -8 0 -13 -2 -10 -4 -15 -5 -14 -2 -12 0 -22 -13 -17 -4 -11 -5 -8 -9 -7 -5 0 -5 -3 0
