CSI_DATA: 28 -64 1 0 -6 -33 -5 -31 -4 -28 -4 -25 -3 -20 -3 -15 -4 -10 -5 -5 -7 0 -9 4 -10 8 -12 10 -14 12 -16 12 -18 12 -19 10 -20 8 -18 6 -17 4 -14 2 -11 1 -8 0 -5 1 -3 2 -1 4 0 0 0 0 0 0 0 0 0 0 0 0 0 0 0 0 0 0 0 0 0 0 1 12 -1 11 -1 8 -1 6 1 4 3 2 6 1 9 0 13 1 15 2 18 3 20 5 21 6 21 7 21 8 19 8 17 7 14 5 12 3 8 -1 4 -5 1 -9 -2 -15 -5 -20 -6 -25 -7 -30
CSI_DATA: 28 -64 1 0 -46 21 -45 19 -40 16 -36 14 -29 12 -22 10 -15 9 -8 9 -1 9 6 10 11 12 15 15 18 17 20 20 20 22 18 25 17 26 13 26 9 25 6 22 3 19 1 15 1 12 1 7 3 4 0 0 0 0 0 0 0 0 0 0 0 0 0 0 0 0 0 0 0 0 0 0 12 -12 10 -9 7 -8 4 -8 0 -9 -4 -11 -6 -15 -9 -19 -9 -23 -9 -27 -8 -32 -7 -35 -5 -36 -3 -36 -2 -34 -2 -32 -2 -28 -3 -23 -5 -17 -8 -11 -12 -4 -17 3 -23 9 -29 14 -36 19 -41 22
CSI_DATA: 28 -64 1 0 -17 -28 -15 -26 -13 -24 -10 -20 -9 -16 -8 -12 -8 -8 -8 -3 -9 1 -10 4 -12 7 -14 9 -16 10 -17 9 -18 8 -19 7 -19 4 -18 2 -16 0 -14 -1 -11 -1 -8 -1 -6 1 -5 2 -5 4 0 0 0 0 0 0 0 0 0 0 0 0 0 0 0 0 0 0 0 0 0 0 12 0 11 1 9 1 6 0 5 -1 5 -4 5 -6 6 -10 8 -12 10 -13 13 -14 16 -15 18 -15 19 -13 19 -12 18 -11 16 -9 13 -9 9 -8 5 -9 0 -9 -5 -12 -9 -14 -14 -17 -17 -21 -18 -25
CSI_DATA: 28 -64 1 0 44 -16 42 -14 38 -12 33 -11 27 -9 20 -8 13 -8 6 -7 0 -8 -7 -10 -12 -12 -16 -14 -19 -17 -20 -19 -20 -21 -19 -23 -17 -25 -14 -25 -10 -23 -8 -21 -5 -19 -3 -15 -2 -11 -2 -7 -4 -4 0 0 0 0 0 0 0 0 0 0 0 0 0 0 0 0 0 0 0 0 0 0 -15 6 -13 3 -10 3 -6 4 -3 6 0 9 1 13 2 18 2 23 1 26 -1 30 -3 32 -4 33 -6 32 -7 31 -7 28 -5 25 -3 20 0 15 4 9 9 3 15 -2 21 -7 28 -11 35 -15 40 -18
CSI_DATA: 28 -64 1 0 17 13 20 14 19 15 19 15 18 15 17 14 15 13 12 11 10 9 9 6 7 2 6 -1 5 -4 6 -6 7 -9 8 -11 10 -11 11 -11 12 -10 13 -8 13 -7 13 -5 11 -3 10 -1 8 0 0 0 0 0 0 0 0 0 0 0 0 0 0 0 0 0 0 0 0 0 0 0 -14 1 -15 -2 -14 -3 -13 -4 -11 -5 -10 -5 -8 -5 -8 -3 -7 0 -6 2 -7 5 -8 8 -10 11 -12 13 -14 14 -16 15 -17 14 -17 14 -17 14 -16 13 -14 12 -11 11 -8 9 -3 9 2 9 6 10
CSI_DATA: 28 -64 1 0 -11 30 -7 22 -2 16 3 9 9 3 15 -1 20 -5 25 -7 29 -8 31 -8 33 -7 33 -6 32 -4 30 -2 26 0 21 1 17 2 12 1 7 -1 4 -4 1 -8 -1 -12 0 -15 2 -19 6 -21 0 0 0 0 0 0 0 0 0 0 0 0 0 0 0 0 0 0 0 0 0 0 -3 -7 -6 -5 -9 -4 -14 -4 -17 -5 -21 -6 -24 -9 -26 -12 -26 -16 -25 -18 -24 -20 -22 -20 -18 -18 -16 -15 -13 -10 -11 -5 -9 2 -8 9 -8 16 -8 24 -9 31 -10 38 -12 42 -14 45 -15 47 -17 46
CSI_DATA: 28 -64 1 0 -11 -32 -10 -24 -9 -16 -9 -7 -10 0 -12 7 -13 14 -15 18 -17 22 -19 25 -21 26 -22 25 -23 24 -24 21 -23 18 -21 15 -19 11 -15 8 -10 6 -6 5 -1 5 2 6 5 8 7 11 7 15 0 0 0 0 0 0 0 0 0 0 0 0 0 0 0 0 0 0 0 0 0 0 6 -1 8 -4 11 -7 15 -8 19 -8 22 -8 25 -6 28 -5 29 -3 29 0 28 2 26 3 22 2 17 1 12 -2 8 -5 2 -10 -2 -15 -6 -21 -10 -27 -14 -32 -16 -37 -17 -42 -18 -46 -17 -47 -16 -48
CSI_DATA: 28 -64 1 0 19 26 15 19 13 11 10 3 8 -4 7 -12 7 -18 6 -24 8 -28 10 -31 11 -32 12 -32 13 -32 13 -29 14 -25 14 -22 12 -17 10 -14 6 -10 2 -7 -2 -6 -6 -5 -9 -7 -12 -9 -13 -12 0 0 0 0 0 0 0 0 0 0 0 0 0 0 0 0 0 0 0 0 0 0 -7 2 -8 5 -11 8 -14 10 -18 11 -20 12 -24 12 -27 10 -28 10 -30 6 -29 3 -27 2 -23 1 -19 2 -13 4 -7 6 -1 9 5 13 11 17 17 21 21 26 26 30 27 35 28 39 28 40 27 40
CSI_DATA: 28 -64 1 0 2 11 10 11 17 11 22 11 27 12 30 13 32 14 32 15 31 15 30 15 26 14 23 14 19 12 15 9 11 6 8 2 6 -2 5 -6 6 -10 7 -14 8 -16 11 -17 14 -17 18 -15 20 -11 0 0 0 0 0 0 0 0 0 0 0 0 0 0 0 0 0 0 0 0 0 0 -17 -6 -19 -9 -20 -12 -19 -15 -18 -17 -16 -19 -14 -19 -12 -19 -10 -17 -9 -14 -8 -11 -9 -6 -10 -1 -12 4 -15 9 -19 13 -22 17 -25 20 -28 23 -30 25 -32 25 -32 25 -32 24 -30 23 -26 20 -20 18
CSI_DATA: 28 -64 1 0 17 13 18 14 19 15 19 14 18 14 16 13 14 12 12 10 10 8 8 5 6 2 4 -1 2 -4 2 -7 2 -9 2 -12 3 -13 4 -14 6 -14 7 -13 8 -13 8 -11 9 -9 9 -7 8 -4 0 0 0 0 0 0 0 0 0 0 0 0 0 0 0 0 0 0 0 0 0 0 -9 -11 -7 -12 -5 -12 -4 -11 -3 -10 -2 -8 -2 -6 -4 -4 -5 -1 -7 1 -10 2 -13 4 -15 4 -18 5 -19 5 -21 5 -21 5 -21 4 -19 4 -18 4 -15 4 -12 4 -8 4 -3 5 2 7 6 8
CSI_DATA: 28 -64 1 0 28 7 26 7 24 7 20 6 17 5 13 2 10 -1 8 -3 6 -6 5 -10 5 -12 5 -14 7 -16 7 -16 9 -16 11 -15 12 -14 12 -12 12 -9 11 -7 10 -6 7 -4 6 -4 4 -4 3 -5 0 0 0 0 0 0 0 0 0 0 0 0 0 0 0 0 0 0 0 0 0 0 -3 10 -3 8 -2 7 -1 6 1 6 3 7 5 9 6 11 6 14 5 17 5 19 4 21 2 21 1 21 0 20 0 19 -1 16 0 14 3 11 5 8 9 6 13 4 17 2 21 1 26 2 29 3
CSI_DATA: 28 -64 1 0 -21 -12 -23 -13 -22 -14 -22 -14 -20 -13 -19 -13 -17 -12 -14 -10 -12 -8 -10 -5 -8 -1 -7 2 -7 5 -7 7 -8 9 -10 10 -12 10 -13 10 -13 8 -14 7 -14 5 -14 3 -12 1 -10 -1 -8 -1 0 0 0 0 0 0 0 0 0 0 0 0 0 0 0 0 0 0 0 0 0 0 12 -8 13 -6 13 -4 12 -2 11 -1 10 -1 8 -1 6 -2 5 -5 4 -7 4 -10 5 -13 6 -16 7 -18 8 -19 10 -20 11 -20 12 -19 11 -18 10 -16 8 -15 5 -13 2 -12 -2 -10 -7 -10 -12 -10
CSI_DATA: 28 -64 1 0 10 37 11 41 10 43 9 43 9 40 7 37 6 32 5 27 4 21 5 15 6 8 8 2 10 -3 13 -8 17 -10 20 -12 23 -12 25 -10 26 -8 26 -5 24 -3 22 1 19 3 16 4 12 4 0 0 0 0 0 0 0 0 0 0 0 0 0 0 0 0 0 0 0 0 0 0 -10 -23 -6 -25 -3 -24 -1 -23 1 -20 2 -18 1 -14 -2 -11 -5 -8 -10 -5 -15 -4 -21 -4 -26 -4 -31 -5 -35 -6 -37 -8 -39 -9 -38 -10 -36 -9 -33 -8 -29 -7 -24 -3 -19 0 -12 6 -6 13 0 20
CSI_DATA: 28 -64 1 0 -1 -36 0 -38 0 -41 1 -40 2 -38 2 -35 3 -31 1 -26 0 -21 -3 -15 -4 -9 -6 -4 -10 0 -14 3 -17 4 -20 5 -23 4 -25 3 -25 0 -25 -2 -23 -5 -21 -6 -17 -7 -14 -7 -10 -7 0 0 0 0 0 0 0 0 0 0 0 0 0 0 0 0 0 0 0 0 0 0 1 22 -3 21 -6 21 -7 18 -8 16 -7 13 -5 11 -3 9 1 7 6 6 12 6 16 8 20 9 24 11 26 13 29 16 29 17 30 18 27 17 25 16 23 13 19 9 15 4 11 -3 7 -10 4 -18
CSI_DATA: 28 -64 1 0 -22 -13 -23 -14 -23 -14 -23 -15 -22 -14 -20 -14 -18 -12 -15 -11 -13 -9 -10 -6 -8 -3 -6 1 -5 4 -4 7 -4 9 -4 11 -6 13 -7 14 -8 14 -10 13 -10 11 -11 10 -11 8 -11 5 -10 3 0 0 0 0 0 0 0 0 0 0 0 0 0 0 0 0 0 0 0 0 0 0 13 5 12 7 10 8 8 8 7 7 5 6 5 4 4 1 5 -2 6 -5 8 -7 11 -10 13 -11 16 -12 17 -13 19 -13 19 -12 19 -12 18 -12 16 -11 13 -10 10 -9 6 -8 1 -8 -5 -9 -10 -9
CSI_DATA: 28 -64 1 0 17 16 17 18 17 18 16 18 15 17 13 16 12 14 9 12 8 9 7 6 6 2 7 -1 7 -4 9 -6 10 -7 12 -7 14 -8 14 -7 15 -5 14 -3 13 -2 12 0 10 1 8 2 6 2 0 0 0 0 0 0 0 0 0 0 0 0 0 0 0 0 0 0 0 0 0 0 -14 4 -15 2 -14 0 -14 -2 -12 -3 -11 -3 -9 -2 -8 -1 -7 1 -6 4 -7 7 -9 10 -10 12 -12 14 -13 15 -16 16 -17 15 -18 14 -16 13 -15 12 -13 11 -9 11 -6 10 -2 9 3 10 8 11
CSI_DATA: 28 -64 1 0 28 -20 31 -22 32 -22 32 -21 31 -19 30 -18 26 -16 22 -14 18 -12 12 -10 7 -9 2 -8 -3 -8 -8 -9 -12 -11 -14 -13 -15 -15 -16 -17 -15 -19 -13 -20 -11 -21 -8 -21 -5 -20 -2 -18 0 -15 0 0 0 0 0 0 0 0 0 0 0 0 0 0 0 0 0 0 0 0 0 0 -18 13 -19 9 -19 6 -18 4 -16 3 -12 2 -9 3 -6 4 -3 8 0 11 2 16 3 20 4 24 4 28 3 31 3 33 2 33 1 33 1 31 1 28 1 24 3 19 6 13 9 6 12 0 17 -7
CSI_DATA: 28 -64 1 0 22 42 19 40 16 36 14 30 11 24 9 17 8 9 8 2 9 -5 10 -12 11 -17 14 -21 16 -23 20 -23 22 -22 23 -21 24 -18 23 -14 21 -10 18 -7 14 -5 9 -3 5 -3 1 -5 -1 -8 0 0 0 0 0 0 0 0 0 0 0 0 0 0 0 0 0 0 0 0 0 0 -13 -15 -9 -14 -7 -12 -6 -8 -7 -4 -9 0 -12 3 -16 5 -21 7 -25 8 -30 7 -33 6 -35 5 -35 3 -34 1 -32 0 -28 0 -23 1 -17 3 -10 6 -3 10 4 15 10 21 16 27 21 33 24 39
CSI_DATA: 28 -64 1 0 -36 -28 -33 -27 -29 -25 -24 -22 -20 -18 -16 -13 -13 -7 -10 -1 -8 5 -8 11 -8 16 -9 20 -11 23 -13 24 -15 24 -17 23 -18 19 -19 16 -18 12 -16 9 -13 6 -9 4 -5 4 -2 4 0 7 0 0 0 0 0 0 0 0 0 0 0 0 0 0 0 0 0 0 0 0 0 0 19 1 16 3 13 3 10 2 8 0 7 -4 7 -7 8 -11 10 -15 13 -19 16 -21 20 -22 22 -23 24 -22 24 -21 24 -19 21 -17 18 -15 12 -13 7 -12 0 -12 -8 -12 -15 -14 -23 -16 -30 -19 -34 -22
CSI_DATA: 28 -64 1 0 -34 21 -37 23 -37 22 -37 21 -36 19 -32 17 -28 15 -23 12 -18 10 -12 9 -6 8 0 8 5 8 10 9 14 11 16 14 17 16 17 19 15 20 13 21 10 21 7 21 4 19 1 16 -1 13 0 0 0 0 0 0 0 0 0 0 0 0 0 0 0 0 0 0 0 0 0 0 19 -14 20 -10 20 -7 18 -5 15 -3 12 -3 8 -4 5 -6 1 -9 -1 -14 -4 -19 -5 -24 -5 -29 -4 -32 -4 -35 -3 -37 -2 -37 -1 -36 -1 -35 -2 -30 -2 -25 -4 -20 -8 -12 -11 -5 -16 2 -21 9
CSI_DATA: 28 -64 1 0 21 -15 22 -16 23 -16 22 -16 20 -15 18 -14 15 -12 11 -9 8 -7 3 -5 0 -3 -4 -1 -8 0 -11 1 -14 1 -16 1 -17 0 -18 -1 -17 -2 -17 -3 -15 -4 -13 -5 -11 -5 -8 -5 -5 -4 0 0 0 0 0 0 0 0 0 0 0 0 0 0 0 0 0 0 0 0 0 0 -9 -12 -7 -13 -6 -13 -4 -13 -3 -11 -2 -8 -2 -5 -2 -3 -3 1 -4 4 -6 8 -8 11 -10 13 -13 15 -14 17 -15 17 -15 18 -15 17 -13 16 -11 14 -9 12 -6 9 -2 5 3 1 7 -3 12 -7
CSI_DATA: 28 -64 1 0 -11 -9 -14 -9 -15 -10 -17 -9 -18 -10 -19 -11 -18 -11 -18 -11 -16 -11 -14 -11 -13 -9 -11 -8 -9 -5 -9 -3 -8 -1 -8 1 -9 2 -10 3 -11 3 -12 2 -13 2 -14 0 -14 -2 -13 -4 -11 -6 0 0 0 0 0 0 0 0 0 0 0 0 0 0 0 0 0 0 0 0 0 0 2 -10 5 -10 6 -11 8 -10 9 -9 10 -8 10 -7 10 -6 9 -5 8 -5 6 -5 5 -7 3 -8 2 -11 1 -13 1 -16 2 -18 2 -20 3 -21 3 -22 4 -22 4 -22 4 -20 3 -18 2 -17 0 -15
CSI_DATA: 28 -64 1 0 27 -8 27 -6 27 -6 24 -4 22 -3 18 -3 15 -4 12 -4 8 -6 5 -8 4 -10 3 -12 3 -14 3 -16 5 -16 6 -17 8 -16 9 -15 10 -13 10 -11 9 -9 8 -7 7 -5 5 -5 4 -5 0 0 0 0 0 0 0 0 0 0 0 0 0 0 0 0 0 0 0 0 0 0 7 11 4 11 3 11 2 9 2 8 2 6 4 6 6 6 9 6 10 7 12 9 14 11 14 13 14 15 14 16 13 17 12 16 11 16 10 14 10 11 9 8 11 4 13 1 15 -3 19 -6 22 -9
CSI_DATA: 28 -64 1 0 32 26 32 28 30 28 28 28 25 25 21 23 18 19 16 15 14 10 12 5 11 -1 11 -5 12 -9 14 -11 16 -13 18 -14 20 -14 22 -12 22 -10 22 -7 21 -5 19 -2 17 -1 15 1 12 1 0 0 0 0 0 0 0 0 0 0 0 0 0 0 0 0 0 0 0 0 0 0 -20 7 -20 3 -17 1 -16 0 -12 0 -11 2 -8 4 -8 8 -7 12 -9 16 -11 20 -13 23 -16 26 -19 27 -22 27 -23 26 -24 24 -23 22 -20 20 -16 18 -11 16 -5 15 1 14 9 15 16 16 22 19
CSI_DATA: 28 -64 1 0 28 -3 27 -2 25 -1 24 -1 21 0 18 0 15 -2 12 -3 10 -5 8 -8 7 -10 7 -12 7 -13 8 -15 10 -15 11 -14 12 -13 13 -11 13 -9 12 -7 11 -5 9 -4 8 -3 7 -4 6 -4 0 0 0 0 0 0 0 0 0 0 0 0 0 0 0 0 0 0 0 0 0 0 8 9 6 9 4 9 3 8 3 7 3 6 5 5 6 5 9 5 11 7 13 8 14 10 15 12 14 15 14 15 12 16 11 16 10 15 10 13 10 11 10 8 12 4 13 1 17 -2 21 -4 24 -5
CSI_DATA: 28 -64 1 0 -43 14 -42 12 -40 10 -37 9 -32 7 -27 6 -21 6 -15 7 -9 8 -4 11 0 13 4 17 6 20 7 23 6 25 4 27 2 27 -1 26 -3 24 -5 21 -6 18 -6 14 -5 11 -3 8 0 7 0 0 0 0 0 0 0 0 0 0 0 0 0 0 0 0 0 0 0 0 0 0 5 -20 8 -17 9 -15 8 -12 7 -10 3 -8 0 -8 -4 -10 -8 -12 -10 -16 -12 -20 -13 -25 -13 -28 -12 -31 -10 -33 -9 -33 -7 -32 -6 -29 -6 -25 -7 -20 -9 -14 -12 -8 -16 -2 -21 4 -27 9 -33 13
CSI_DATA: 28 -64 1 0 -42 -19 -40 -20 -37 -19 -33 -18 -28 -15 -23 -12 -19 -8 -14 -4 -9 1 -6 6 -3 11 -1 16 0 20 0 23 -1 25 -3 27 -5 26 -7 25 -9 23 -10 20 -10 16 -10 13 -8 9 -6 7 -3 5 0 0 0 0 0 0 0 0 0 0 0 0 0 0 0 0 0 0 0 0 0 0 15 7 12 8 9 7 7 5 6 2 5 -1 5 -4 7 -9 9 -13 13 -16 16 -18 20 -20 23 -21 25 -20 26 -19 26 -18 24 -16 21 -14 16 -13 11 -11 4 -10 -4 -9 -11 -9 -20 -10 -28 -11 -34 -14
CSI_DATA: 28 -64 1 0 6 14 7 10 9 6 11 3 14 1 16 -1 19 -2 20 -2 21 -2 21 -1 20 0 19 2 17 2 15 3 12 2 10 1 8 0 7 -2 6 -4 6 -5 8 -7 9 -7 11 -7 12 -6 14 -3 0 0 0 0 0 0 0 0 0 0 0 0 0 0 0 0 0 0 0 0 0 0 -2 6 -1 6 -1 8 -2 10 -3 12 -5 13 -7 14 -9 14 -11 14 -12 12 -12 11 -12 10 -10 9 -8 8 -5 8 -2 9 1 10 4 13 6 15 8 18 9 21 10 24 9 25 9 26 8 26 7 25
CSI_DATA: 28 -64 1 0 -6 -16 -9 -17 -11 -19 -12 -20 -12 -22 -12 -22 -11 -22 -10 -21 -9 -19 -8 -17 -8 -14 -7 -11 -7 -8 -7 -6 -8 -4 -10 -2 -12 -1 -14 -2 -15 -2 -15 -3 -15 -5 -15 -6 -14 -8 -11 -9 -9 -10 0 0 0 0 0 0 0 0 0 0 0 0 0 0 0 0 0 0 0 0 0 0 10 -5 12 -4 13 -3 14 -1 15 0 14 2 13 4 12 5 10 4 9 3 8 1 8 -2 8 -5 9 -8 10 -11 13 -12 15 -14 17 -15 17 -16 19 -16 19 -16 18 -15 18 -14 14 -13 11 -13 7 -12
CSI_DATA: 28 -64 1 0 -19 -21 -18 -21 -17 -22 -15 -21 -13 -19 -12 -17 -11 -15 -9 -11 -9 -9 -9 -5 -9 -2 -10 1 -11 4 -12 4 -14 5 -16 5 -17 3 -18 2 -17 1 -16 -1 -14 -3 -13 -4 -11 -4 -8 -4 -7 -4 0 0 0 0 0 0 0 0 0 0 0 0 0 0 0 0 0 0 0 0 0 0 11 -7 11 -4 10 -3 8 -2 7 -2 6 -3 5 -3 4 -6 4 -8 5 -11 6 -13 8 -15 10 -16 12 -17 13 -17 15 -16 14 -15 14 -15 12 -13 9 -12 6 -11 2 -11 -1 -11 -5 -12 -10 -13 -13 -16
CSI_DATA: 28 -64 1 0 25 33 22 31 22 34 18 29 16 29 13 26 12 21 11 16 11 10 12 4 13 -1 15 -4 17 -6 21 -7 21 -6 25 -6 24 -3 25 1 23 2 21 5 18 6 15 5 12 4 10 3 9 2 0 0 0 0 0 0 0 0 0 0 0 0 0 0 0 0 0 0 0 0 0 0 -17 11 -17 6 -19 4 -16 2 -16 1 -12 0 -11 1 -9 4 -9 7 -8 12 -9 16 -11 19 -13 22 -16 24 -19 23 -23 24 -22 21 -23 22 -19 18 -18 17 -14 16 -8 15 -1 16 6 16 13 19 17 22
CSI_DATA: 28 -64 1 0 -30 -29 -28 -29 -27 -31 -24 -29 -22 -28 -19 -24 -16 -21 -15 -16 -13 -13 -13 -8 -14 -3 -14 1 -16 4 -19 7 -21 7 -24 6 -25 5 -26 3 -25 0 -24 -3 -22 -5 -19 -7 -16 -7 -12 -7 -10 -7 0 0 0 0 0 0 0 0 0 0 0 0 0 0 0 0 0 0 0 0 0 0 13 -14 14 -10 14 -9 13 -6 11 -5 8 -5 7 -7 5 -9 3 -13 5 -17 6 -20 8 -24 11 -26 13 -27 15 -27 16 -28 17 -26 18 -25 15 -22 12 -21 8 -18 3 -17 -3 -17 -9 -18 -16 -19 -21 -21
CSI_DATA: 28 -64 1 0 -42 17 -42 16 -41 14 -41 13 -32 11 -29 11 -28 6 -21 8 -17 9 -12 11 -8 13 -5 16 -2 20 -2 22 -2 25 -4 26 -6 27 -9 26 -11 24 -13 22 -14 18 -14 15 -13 12 -11 10 -9 8 0 0 0 0 0 0 0 0 0 0 0 0 0 0 0 0 0 0 0 0 0 0 -10 -19 -7 -19 -4 -18 -2 -16 -2 -14 -3 -12 -5 -10 -8 -9 -12 -10 -15 -11 -19 -13 -22 -17 -23 -20 -24 -23 -23 -26 -23 -27 -21 -28 -19 -26 -18 -24 -16 -20 -16 -16 -17 -10 -19 -3 -22 3 -26 9 -31 13
CSI_DATA: 28 -64 1 0 -32 28 -28 23 -23 20 -17 16 -11 14 -4 13 3 12 8 13 13 15 16 18 18 20 18 22 18 24 16 26 13 25 9 25 7 23 4 19 3 15 3 11 3 8 5 5 8 4 11 4 13 6 0 0 0 0 0 0 0 0 0 0 0 0 0 0 0 0 0 0 0 0 0 0 -9 -12 -8 -10 -7 -8 -8 -6 -11 -4 -14 -3 -17 -2 -21 -4 -25 -6 -27 -9 -29 -12 -28 -15 -27 -17 -25 -18 -22 -16 -20 -15 -17 -11 -15 -6 -14 0 -14 7 -15 14 -17 21 -20 27 -24 31 -28 35 -31 37
CSI_DATA: 28 -64 1 0 -7 18 -5 16 -2 13 0 12 4 11 6 11 9 11 10 11 11 12 12 13 12 14 11 15 9 15 8 15 6 14 4 13 3 11 3 9 3 7 3 6 4 5 5 4 6 5 7 6 6 8 0 0 0 0 0 0 0 0 0 0 0 0 0 0 0 0 0 0 0 0 0 0 -4 6 -4 7 -5 8 -6 9 -7 10 -9 10 -11 10 -13 10 -14 9 -15 7 -15 6 -15 5 -14 5 -12 4 -10 6 -8 7 -7 9 -5 12 -5 15 -4 17 -5 20 -5 22 -7 24 -8 25 -9 26 -10 24
CSI_DATA: 28 -64 1 0 -4 -6 0 2 -6 -9 -5 -7 -7 -7 -7 -6 -9 -7 -7 -2 -6 -4 -7 -8 -4 -3 -8 -3 -2 -6 -11 -1 -6 -2 -4 -3 -3 -6 1 -3 0 -6 -3 -10 -1 -8 0 -5 -1 -8 0 -5 2 -6 0 0 0 0 0 0 0 0 0 0 0 0 0 0 0 0 0 0 0 0 0 0 -2 4 -5 4 -5 5 -4 3 -5 3 -5 5 -2 3 -2 6 -6 -3 -2 3 0 -3 -3 -2 -6 -3 -6 -2 -8 -2 -8 -4 -7 -6 -8 -3 -11 -3 -7 -4 -10 4 -7 1 -9 3 -3 -2 -5 3 -5 -6
CSI_DATA: 106 -96 6 0 -11 -9 -14 -8 -10 -8 -12 -7 -10 -7 -9 -11 -9 -10 -12 -10 -12 -4 -11 -5 -9 -7 -13 -2 -14 -7 -8 -7 -6 -5 -8 -5 -8 -5 -9 -7 -6 -3 -8 -6 -5 -8 -5 -6 -6 -7 -7 -5 -4 -5 0 0 0 0 0 0 0 0 0 0 0 0 0 0 0 0 0 0 0 0 0 0 -1 -3 -2 -2 -2 -3 -3 -3 -3 -4 -2 -5 -2 1 -2 -4 -1 -3 -7 -6 -3 -2 -6 -4 -9 -3 -5 -3 -2 -4 -7 -7 -7 -6 -7 -5 -5 -3 -10 -4 -4 -4 -7 -7 -4 -4 -13 -2 -11 -6 -15 -7
CSI_DATA: -27 80 14 0 9 -7 6 -2 6 -6 9 -7 8 -8 8 -5 5 -8 7 -10 4 -9 3 -6 3 -3 3 -1 1 -7 5 -6 6 -7 4 -8 0 -5 4 -9 5 -7 3 -6 0 -5 1 -7 0 -4 4 -4 3 -6 0 0 0 0 0 0 0 0 0 0 0 0 0 0 0 0 0 0 0 0 0 0 3 -1 3 4 2 6 5 5 -2 1 3 -4 4 0 3 0 3 2 1 2 3 6 4 4 5 0 4 3 5 -1 1 1 3 1 7 -3 2 -3 5 -3 9 1 5 -7 11 -7 13 -4 7 -3 3 -10 -1 -1 34 -38 25 -18 35 -15 42 -2 30 -3 41 -26 21 -14 25 -14 33 -17 30 -30 4 -10 22 -20 13 -13 6 -18 21 -21 14 -29 28 -27 2 -10 20 -23 25 -28 13 -29 19 -24 -1 -15 14 -6 9 -19 5 -18 -12 -19 4 -29 0 0 0 0 -1 -1 0 0 0 0 -1 -1 -1 -1 6 7 -7 29 3 3 13 13 0 18 6 14 -6 12 9 0 7 14 11 1 21 17 3 5 14 18 17 16 34 8 14 -5 23 10 16 7 8 4 24 -2 20 12 16 3 28 5 30 -14 32 -15 37 -16 36 -18 40 -5
CSI_DATA: -68 -64 11 0 -5 13 -5 10 4 11 -6 16 -4 12 0 11 1 7 0 11 -1 7 7 11 2 13 2 12 1 9 -1 7 3 9 5 9 4 8 6 8 3 3 5 7 1 6 5 4 5 4 7 4 7 3 0 0 0 0 0 0 0 0 0 0 0 0 0 0 0 0 0 0 0 0 0 0 -2 -2 -1 -5 -5 -2 -3 -5 2 -1 -3 -1 -4 2 -5 -1 -1 2 -7 -3 1 -2 1 2 -4 1 -11 3 -8 3 -7 5 -2 3 -7 5 -5 1 -6 10 -9 5 -8 4 -2 10 -3 9 -3 8 -5 11 -1 -1 -17 19 -14 23 -12 17 -9 14 -8 19 -11 16 -2 20 -10 10 -9 11 -3 15 -3 16 -5 15 -8 15 -3 19 -2 12 -6 9 3 17 2 14 -6 7 -1 17 2 10 -2 10 -2 9 0 10 -2 7 4 8 -15 -3 -14 3 -1 -1 -1 -1 -1 -1 -1 -1 0 0 0 0 0 0 -5 -4 -8 4 -5 -3 0 -5 -3 -1 -8 -4 -5 3 -4 -1 -10 3 -4 0 -5 3 -16 -3 -8 -7 -2 -6 -8 8 -15 8 -13 7 -17 7 -6 7 -15 6 -14 10 -12 15 -10 13 -14 11 -7 11 -10 16 -16 14 -9 14
CSI_DATA: 118 96 7 0 -14 9 -14 9 -15 9 -7 10 -12 11 -13 7 -10 12 -8 5 -10 7 -8 8 -8 9 -10 8 -9 12 -12 6 -4 8 -8 10 -10 6 -1 6 -9 6 -6 5 -3 10 -5 3 -4 7 -6 4 -7 6 0 0 0 0 0 0 0 0 0 0 0 0 0 0 0 0 0 0 0 0 0 0 -8 -2 -8 -2 -7 -2 -7 -1 -6 -1 -11 -1 -7 -2 -9 -2 -7 -6 -7 -1 -12 2 -10 1 -3 0 -8 0 -16 1 -9 -1 -9 2 -9 -2 -10 1 -10 2 -11 -1 -11 1 -7 7 -9 9 -12 10 -13 4 -1 -1 -46 45 -46 44 -39 26 -48 37 -23 38 -43 35 -32 47 -20 34 -27 39 -27 42 -27 34 -30 42 -24 38 -30 39 -41 24 -3 44 -19 49 -33 28 -18 26 -16 32 -15 24 -15 35 -6 19 -17 28 -13 27 -30 17 -24 27 -10 23 -1 -1 -1 -1 -1 -1 -1 -1 0 0 0 0 0 0 -11 -20 -19 0 -22 -9 -12 -22 -21 -10 -27 -6 -16 -5 -42 8 -22 2 -29 5 -33 -18 -31 -7 -20 -14 -33 -2 -25 4 -38 5 -38 -5 -48 7 -31 11 -40 2 -28 -4 -29 17 -33 11 -38 33 -28 28 -27 43 -38 42 -45 39
CSI_DATA: 118 96 7 0 4 -16 2 -16 6 -14 4 -15 2 -13 1 -13 5 -15 5 -17 10 -10 1 -14 8 -10 2 -12 1 -10 6 -14 4 -8 2 -7 7 -11 4 -9 6 -8 2 -10 4 -6 5 -7 4 -5 4 -7 3 -8 0 0 0 0 0 0 0 0 0 0 0 0 0 0 0 0 0 0 0 0 0 0 0 -7 3 -7 0 -5 5 -9 2 -8 1 -8 3 -3 1 -7 5 -3 2 -5 -1 -11 1 -7 1 -8 -1 -6 2 -6 3 -5 3 -9 2 -8 2 -10 0 -12 1 -9 4 -8 2 -11 3 -17 3 -11 -4 -14 -1 -1 14 -24 4 -25 8 -22 19 -18 7 -22 11 -19 12 -18 13 -22 14 -11 23 -16 13 -14 22 -13 20 -18 13 -13 16 -10 15 -14 10 -4 17 -8 14 -7 14 -4 12 -10 10 -4 15 -6 8 -8 11 -8 6 -5 6 3 6 6 0 0 -1 -1 -1 -1 0 0 0 0 0 0 -1 -1 4 -10 4 -2 4 -12 5 -7 0 -10 6 -12 4 -8 4 -7 12 -9 4 -5 8 -10 9 -3 8 -12 10 -8 8 -11 9 -8 5 -18 13 -7 1 -12 1 -15 8 -16 6 -20 11 -14 7 -13 8 -15 3 -18 12 -15 -4 -27
CSI_DATA: 28 -64 1 0 5 -9 3 -7 2 -7 0 -6 1 -8 1 -6 3 -7 -3 -6 0 -3 -1 1 1 -10 1 -3 -1 -7 0 -8 -1 -10 -1 -7 0 -6 4 -5 0 -3 1 -4 2 -5 1 -5 6 -2 3 -2 2 -3 0 0 0 0 0 0 0 0 0 0 0 0 0 0 0 0 0 0 0 0 0 0 1 -4 -1 -8 0 -4 -2 -7 1 -8 1 -7 2 -6 3 -9 4 -2 3 -11 2 -12 3 -7 8 -6 7 -2 7 -9 5 -8 5 -7 1 -7 7 -5 6 -9 1 -5 1 -6 1 -7 0 -11 -1 -8 0 -7
CSI_DATA: -122 96 8 0 -11 -9 -11 -8 -10 -12 -13 -9 -6 -6 -8 -9 -9 -12 -11 -16 -6 -11 -8 -13 -6 -12 -5 -7 -3 -7 -7 -10 -7 -7 -6 -7 -5 -7 -3 -8 -5 -11 0 -9 -2 -3 -3 -8 -1 -4 -4 -4 -3 -8 0 0 0 0 0 0 0 0 0 0 0 0 0 0 0 0 0 0 0 0 0 0 -10 2 -11 -4 -7 -1 -6 -3 -9 -3 -5 2 -9 -5 -9 -8 -11 -3 -10 -4 -12 -4 -8 -7 -9 -8 -7 -11 -8 -5 -13 -6 -7 -7 -10 -10 -13 -4 -10 -8 -10 -8 -9 -7 -10 -6 -12 -10 -13 -7 -19 -5 -1 -1 -27 -27 -19 -23 -24 -27 -16 -18 -16 -21 -12 -20 -10 -19 -14 -20 -15 -21 -10 -14 -15 -12 -13 -16 -4 -9 -2 -17 -2 -15 -4 -13 -8 -12 -5 -16 -6 -13 -7 -19 -5 -12 0 -5 -3 -14 -5 -10 -5 -10 -2 -10 9 -8 -2 -7 -1 -1 -1 -1 -1 -1 -1 -1 0 0 0 0 0 0 -19 -7 -11 -5 -15 -4 -14 -8 -14 -7 -8 -14 -17 -6 -12 -7 -16 -11 -11 -14 -14 -11 -14 -14 -11 -19 -10 -19 -10 -20 -5 -19 -11 -12 -8 -12 -10 -9 -9 -18 -17 -14 -12 -17 -14 -12 -15 -17 -18 -9 -12 -21 -21 -19 -17 -11
CSI_DATA: 34 37 82 0 -17 4 -13 5 -14 8 -14 6 -14 1 -11 7 -7 11 -11 8 -10 7 -12 6 -9 10 -10 6 -4 9 -7 7 -6 6 -3 8 -8 7 -7 7 -3 5 -5 9 -7 7 -8 8 -5 4 -8 6 -7 5 0 0 0 0 0 0 0 0 0 0 0 0 0 0 0 0 0 0 0 0 0 0 -6 -6 -1 -8 -5 -5 -1 -7 -6 -4 -4 -7 -5 -3 -5 -7 -4 -3 -5 -2 -6 -3 -8 -7 -12 -2 -6 -4 -9 0 -7 -6 -6 -2 -10 1 -12 1 -10 2 -12 -2 -9 2 -9 5 -16 1 -12 6 -12 5
CSI_DATA: -77 49 27 0 2 14 -2 13 -3 13 2 9 -1 15 1 11 2 10 -3 7 -1 13 1 8 -6 11 -2 10 -1 7 -4 10 -4 6 -5 9 -4 6 -4 8 -5 7 -5 5 -7 8 -3 7 -6 3 -3 4 -4 2 0 0 0 0 0 0 0 0 0 0 0 0 0 0 0 0 0 0 0 0 0 0 -1 7 -3 7 3 2 -1 5 1 4 -1 4 0 2 -2 7 2 3 0 5 -2 6 -2 6 -3 6 -3 6 3 0 4 11 0 7 0 5 2 11 7 10 4 5 2 7 2 8 4 11 2 15 7 17 -1 -1 6 22 6 25 7 22 -4 20 5 20 11 24 6 14 5 10 2 21 1 22 -5 16 2 16 -3 12 2 11 2 15 0 13 -3 11 1 13 3 13 -4 15 -4 12 -6 8 -1 12 -1 9 -5 8 -2 5 1 6 -6 13 -1 -1 -1 -1 -1 -1 -1 -1 -1 -1 -1 -1 -1 -1 -2 2 -2 8 -4 9 -1 10 3 7 1 9 0 2 -2 11 -2 1 -3 10 5 6 3 6 9 4 -5 18 -1 6 2 6 3 7 0 13 4 15 7 15 7 22 7 12 4 11 2 15 12 16 1 17 6 24 7 22
CSI_DATA: -113 -16 8 0 4 16 0 10 2 11 0 10 2 6 1 11 1 15 -1 12 1 9 0 14 5 9 0 11 2 4 -3 8 5 12 1 6 0 8 -1 8 -4 7 0 9 -5 6 -4 7 0 5 -4 5 0 4 0 0 0 0 0 0 0 0 0 0 0 0 0 0 0 0 0 0 0 0 0 0 4 4 1 6 1 2 0 3 -2 5 1 5 0 8 -2 5 -4 5 -1 3 1 8 1 4 -4 1 0 6 2 6 3 6 5 12 2 6 4 3 5 6 5 5 5 9 0 5 8 11 4 5 5 13 -1 -1 17 19 14 18 8 11 18 24 9 17 11 19 5 19 15 18 9 22 12 17 9 19 9 15 5 15 10 11 2 15 8 20 9 14 7 16 10 10 9 6 5 13 4 13 1 11 6 7 5 9 4 9 12 0 7 2 0 0 -1 -1 -1 -1 0 0 0 0 0 0 -1 -1 6 3 2 10 5 8 0 10 1 5 -1 12 -8 5 -2 8 -1 13 2 9 0 3 0 9 -3 10 -5 9 0 5 -4 5 15 3 4 8 10 13 8 15 10 6 12 13 10 10 6 13 10 15 16 18 6 19 12 9
CSI_DATA: 54 101 83 0 11 9 10 4 14 8 5 5 8 3 10 11 8 9 9 7 10 3 7 1 7 1 4 0 9 7 9 6 2 2 4 5 4 5 1 4 7 2 4 6 6 4 3 2 3 0 4 6 3 4 0 0 0 0 0 0 0 0 0 0 0 0 0 0 0 0 0 0 0 0 0 0 -2 3 1 5 1 8 0 5 2 0 2 9 -4 0 4 0 2 6 1 2 0 3 2 6 2 3 2 2 6 3 9 6 6 7 7 7 -1 3 0 2 7 5 7 5 7 7 8 1 3 4 9 0 -1 -1 26 40 27 36 24 32 21 46 28 34 36 40 11 44 22 28 25 39 19 34 24 26 11 24 22 37 10 36 10 28 9 21 4 27 13 24 8 15 23 20 12 27 19 24 6 18 2 19 5 20 2 17 -16 14 12 16 -1 -1 -1 -1 -1 -1 -1 -1 -1 -1 -1 -1 -1 -1 -8 12 4 -3 -5 6 -4 9 -11 12 9 15 11 16 6 19 -3 5 11 13 9 17 19 9 2 11 6 23 4 21 -3 17 12 11 7 35 14 15 0 26 -1 35 15 22 29 25 28 17 11 34 35 24 30 42 32 19
CSI_DATA: 54 101 83 0 6 12 1 15 4 9 5 6 4 10 2 12 2 10 1 11 2 7 4 8 8 7 0 1 0 8 2 3 4 6 9 5 5 9 4 9 1 6 4 7 2 8 -2 2 1 3 2 4 2 7 0 0 0 0 0 0 0 0 0 0 0 0 0 0 0 0 0 0 0 0 0 0 6 8 4 10 3 11 1 7 5 9 2 9 2 14 1 11 3 11 2 9 -3 13 2 17 2 10 -3 9 -5 9 2 9 1 12 1 10 3 10 4 13 0 11 -3 9 2 14 3 9 2 14 3 15
CSI_DATA: 54 98 35 0 -11 -13 -6 -12 -6 -8 -11 -10 -9 -9 -6 -8 -7 -3 -11 -9 -9 -5 -9 -5 -6 -2 -6 -9 -13 -2 -7 -8 -10 -3 -9 -3 -13 -4 -9 -4 -8 0 -1 -4 -6 0 -8 -3 -7 -2 -6 3 -6 0 0 0 0 0 0 0 0 0 0 0 0 0 0 0 0 0 0 0 0 0 0 0 1 -3 4 -1 1 -2 2 -4 2 -5 2 -3 0 -4 2 -5 1 -1 8 -6 4 -4 3 -2 -3 -6 -1 -6 -1 -2 0 -11 0 -13 0 -6 -4 -6 -3 -13 0 -5 -2 -7 -7 -12 -6 -5 -6 -6 -6 -11 -1 -1 -38 -33 -24 -41 -23 -28 -29 -37 -31 -44 -52 -30 -33 -19 -34 -23 -29 -21 -54 -23 -29 -16 -24 -9 -29 -14 -39 -13 -22 -16 -20 -4 -31 -16 -43 2 -42 -10 -13 -6 -19 -3 -22 -5 -30 -5 -21 9 -25 7 -26 -10 -13 -1 -31 -2 -1 -1 -1 -1 -1 -1 -1 -1 0 0 0 0 0 0 -3 -9 1 -12 7 -10 6 -7 9 -8 4 -11 7 -6 12 -11 -5 -4 1 -15 5 -16 14 -20 9 -5 13 -22 -4 -26 5 -21 9 -30 4 -24 -3 -34 -8 -16 -8 -26 -9 -48 -17 -33 5 -30 -32 -42 -16 -23 -25 -46 -10 -36
CSI_DATA: 28 -64 1 0 26 0 21 -3 17 -8 14 -12 11 -17 10 -22 10 -25 10 -28 12 -30 14 -30 15 -28 17 -26 16 -24 16 -20 14 -17 12 -14 9 -12 5 -11 2 -12 0 -13 -1 -15 -1 -17 1 -19 4 -21 8 -20 0 0 0 0 0 0 0 0 0 0 0 0 0 0 0 0 0 0 0 0 0 0 6 5 8 5 9 5 12 6 14 8 15 10 16 13 16 16 15 18 13 20 11 21 9 21 8 18 8 16 9 12 11 8 14 4 18 1 23 -1 27 -2 32 -3 37 -3 40 -1 42 1 42 2 41 4
CSI_DATA: 28 -64 1 0 -19 34 -21 35 -22 35 -23 34 -22 32 -21 28 -19 24 -16 22 -12 18 -8 16 -4 14 0 13 4 13 8 13 11 15 12 17 13 19 12 22 10 23 8 23 4 23 1 22 -1 21 -3 18 -5 16 0 0 0 0 0 0 0 0 0 0 0 0 0 0 0 0 0 0 0 0 0 0 -15 -13 -12 -15 -10 -15 -8 -14 -6 -12 -6 -10 -7 -8 -10 -6 -13 -4 -16 -3 -20 -3 -24 -4 -28 -6 -30 -8 -31 -10 -32 -12 -32 -13 -30 -13 -28 -13 -26 -11 -23 -9 -20 -4 -18 2 -16 7 -15 14 -15 21
CSI_DATA: 28 -64 1 0 27 -31 27 -28 31 -31 28 -26 29 -25 27 -22 23 -19 18 -17 14 -16 8 -15 3 -13 -1 -14 -4 -14 -9 -18 -9 -19 -9 -23 -8 -24 -7 -26 -3 -26 -1 -25 1 -23 4 -22 5 -19 5 -15 5 -12 0 0 0 0 0 0 0 0 0 0 0 0 0 0 0 0 0 0 0 0 0 0 12 16 7 16 6 19 2 16 1 16 1 12 2 11 3 9 7 7 11 7 15 7 20 9 23 11 25 13 24 15 28 19 25 18 27 22 22 18 23 19 19 15 17 10 18 4 16 -3 17 -10 19 -17
CSI_DATA: 28 -64 1 0 -5 22 -6 24 -7 23 -7 23 -7 20 -8 19 -6 16 -5 14 -3 11 -1 10 2 8 4 7 6 8 7 7 8 10 9 10 9 12 7 12 6 13 5 13 3 13 2 11 1 10 0 9 -1 8 0 0 0 0 0 0 0 0 0 0 0 0 0 0 0 0 0 0 0 0 0 0 -12 1 -13 -1 -11 -3 -11 -4 -9 -5 -8 -4 -7 -3 -7 -2 -8 1 -9 2 -11 4 -13 5 -15 5 -17 6 -19 5 -20 3 -21 3 -19 2 -19 1 -18 2 -16 2 -13 3 -10 5 -8 9 -6 13 -5 16
CSI_DATA: -106 96 9 0 -2 14 -3 13 -4 14 -2 12 -3 9 2 8 -4 11 -3 12 0 9 -7 7 -5 8 -3 8 -2 2 -1 7 -2 1 -3 4 0 6 -1 8 0 4 -4 8 0 8 -3 7 -5 9 -2 4 -2 3 0 0 0 0 0 0 0 0 0 0 0 0 0 0 0 0 0 0 0 0 0 0 -4 -1 -2 4 -5 2 -5 3 -1 6 -5 1 2 0 -3 1 1 4 -5 0 -2 1 -6 4 1 3 -1 3 0 0 -2 2 3 3 0 6 1 7 3 8 2 6 2 7 -1 12 -1 6 -3 15 0 9 -1 -1 20 30 15 48 2 43 4 37 0 35 -1 35 10 38 -1 41 10 38 3 28 -16 45 11 31 -1 24 1 18 19 33 3 21 -3 21 9 16 -3 30 -5 25 -2 28 13 14 3 17 -12 22 2 12 -16 19 -4 9 -7 16 0 0 0 0 0 0 0 0 -1 -1 -1 -1 -1 -1 10 18 14 15 3 -3 2 18 2 12 -1 5 -8 15 4 15 12 13 1 4 0 21 4 20 -3 3 4 23 14 10 1 2 13 6 10 -3 1 17 19 4 0 14 9 21 22 22 19 9 21 27 17 35 13 35 26 37
CSI_DATA: 28 -64 1 0 6 -14 1 -19 -3 -24 -5 -28 -7 -31 -7 -33 -6 -35 -6 -36 -5 -35 -4 -32 -2 -28 -2 -24 -2 -20 -3 -16 -4 -11 -6 -7 -9 -4 -13 -3 -15 -2 -19 -3 -20 -4 -21 -7 -21 -10 -20 -13 -16 -16 0 0 0 0 0 0 0 0 0 0 0 0 0 0 0 0 0 0 0 0 0 0 11 10 10 13 10 16 9 18 7 20 5 21 3 21 2 20 1 18 1 16 2 13 4 10 7 7 12 4 16 2 21 0 26 0 31 -1 33 0 36 0 37 1 37 1 37 2 34 2 30 1 24 -2
CSI_DATA: 28 -64 1 0 36 29 32 28 27 25 23 21 19 15 15 9 13 3 10 -3 10 -10 10 -16 11 -21 13 -23 16 -25 18 -25 20 -24 22 -21 23 -18 22 -14 20 -10 17 -7 13 -5 9 -4 5 -5 3 -7 1 -9 0 0 0 0 0 0 0 0 0 0 0 0 0 0 0 0 0 0 0 0 0 0 -15 5 -13 3 -10 3 -8 5 -6 7 -6 11 -6 14 -7 18 -9 22 -12 24 -16 25 -19 26 -21 26 -21 24 -21 23 -20 19 -16 17 -12 15 -6 13 1 13 8 13 16 14 23 16 30 18 36 22 39 25
CSI_DATA: 28 -64 1 0 7 -16 5 -22 4 -28 4 -32 4 -35 4 -37 5 -37 5 -36 6 -33 6 -30 5 -25 4 -20 1 -16 -2 -11 -5 -7 -9 -5 -13 -3 -17 -3 -19 -4 -21 -5 -22 -8 -21 -11 -20 -14 -17 -16 -13 -17 0 0 0 0 0 0 0 0 0 0 0 0 0 0 0 0 0 0 0 0 0 0 3 16 1 18 -1 20 -4 21 -6 22 -8 21 -10 20 -10 18 -9 16 -8 13 -4 11 0 9 5 8 10 9 16 9 21 11 26 12 29 14 32 16 33 17 34 18 33 18 31 17 27 15 24 11 19 5
CSI_DATA: 28 -64 1 0 16 8 22 5 26 5 31 4 33 5 34 5 34 6 33 7 29 7 27 7 22 6 18 4 14 2 10 -1 8 -4 6 -8 6 -12 6 -15 8 -17 9 -18 11 -18 14 -17 16 -15 17 -12 17 -8 0 0 0 0 0 0 0 0 0 0 0 0 0 0 0 0 0 0 0 0 0 0 -14 8 -16 8 -19 6 -21 4 -22 2 -22 0 -21 -2 -20 -3 -17 -3 -15 -2 -12 0 -10 3 -8 8 -7 13 -7 18 -8 22 -9 27 -9 29 -10 33 -12 34 -13 34 -13 33 -13 31 -10 28 -7 24 -3 20
CSI_DATA: 28 -64 1 0 -20 16 -22 17 -21 17 -23 15 -21 14 -19 12 -17 10 -15 9 -12 8 -9 8 -5 8 -3 8 0 10 1 12 1 13 1 14 0 16 -1 17 -2 15 -4 15 -6 13 -7 11 -7 10 -7 7 -6 6 0 0 0 0 0 0 0 0 0 0 0 0 0 0 0 0 0 0 0 0 0 0 -11 -9 -10 -11 -8 -12 -7 -12 -5 -11 -5 -10 -4 -8 -5 -7 -7 -6 -9 -5 -12 -6 -14 -6 -17 -7 -18 -9 -19 -10 -20 -11 -20 -13 -19 -13 -19 -13 -17 -11 -16 -10 -14 -7 -14 -3 -14 0 -14 4 -16 9
CSI_DATA: 28 -64 1 0 1 14 5 15 7 16 9 17 10 18 10 19 9 19 9 20 7 18 7 18 5 16 5 15 4 12 4 10 5 8 5 6 7 6 8 6 9 6 9 6 10 8 9 9 8 11 6 12 3 13 0 0 0 0 0 0 0 0 0 0 0 0 0 0 0 0 0 0 0 0 0 0 -4 9 -6 9 -8 9 -10 9 -11 8 -13 7 -13 6 -13 5 -13 4 -12 3 -11 4 -10 5 -8 6 -8 9 -7 11 -8 14 -9 16 -9 18 -11 19 -11 21 -13 21 -13 21 -13 19 -12 19 -11 18 -8 17
CSI_DATA: 28 -64 1 0 -7 -19 -13 -19 -17 -20 -20 -21 -22 -23 -22 -25 -23 -26 -21 -27 -20 -25 -19 -24 -16 -22 -14 -19 -12 -16 -11 -13 -11 -10 -11 -6 -13 -5 -15 -4 -17 -4 -18 -4 -19 -6 -20 -8 -20 -10 -17 -14 -14 -16 0 0 0 0 0 0 0 0 0 0 0 0 0 0 0 0 0 0 0 0 0 0 6 -14 8 -15 11 -15 14 -15 16 -13 18 -11 19 -8 19 -7 18 -5 16 -5 14 -6 12 -7 9 -10 8 -13 7 -17 7 -21 8 -25 9 -28 11 -32 13 -33 15 -34 15 -33 16 -32 14 -31 12 -28 9 -26
CSI_DATA: 28 -64 1 0 17 -10 16 -15 16 -20 17 -24 17 -26 19 -27 20 -27 20 -27 19 -25 20 -23 18 -20 16 -17 13 -15 10 -13 6 -12 3 -12 0 -13 -1 -15 -2 -17 -2 -18 0 -20 2 -21 5 -21 8 -20 11 -17 0 0 0 0 0 0 0 0 0 0 0 0 0 0 0 0 0 0 0 0 0 0 14 5 14 7 15 10 14 13 13 15 12 17 10 18 8 18 7 17 6 16 6 14 8 11 10 9 13 7 17 5 22 5 25 5 29 6 32 7 34 8 35 9 35 10 33 10 31 10 29 8 26 5
CSI_DATA: 28 -64 1 0 0 -16 -3 -17 -5 -19 -7 -20 -7 -21 -7 -22 -6 -22 -5 -22 -5 -21 -4 -20 -3 -18 -3 -16 -4 -13 -4 -12 -4 -10 -5 -9 -8 -9 -9 -9 -9 -9 -9 -10 -9 -11 -8 -13 -6 -14 -4 -14 -1 -14 0 0 0 0 0 0 0 0 0 0 0 0 0 0 0 0 0 0 0 0 0 0 5 -10 7 -10 8 -9 10 -9 12 -8 13 -6 13 -5 13 -4 12 -3 11 -4 10 -4 9 -5 8 -6 8 -9 8 -11 10 -14 10 -15 11 -17 12 -18 13 -19 15 -19 15 -19 15 -18 14 -18 12 -17 10 -16
CSI_DATA: 28 -64 1 0 -5 6 -4 11 -3 15 -2 18 -2 21 -2 22 -3 22 -3 22 -3 20 -3 19 -3 16 -3 13 -2 10 0 7 2 4 4 2 7 0 9 -1 10 -2 12 -1 13 0 14 2 13 4 12 5 11 7 0 0 0 0 0 0 0 0 0 0 0 0 0 0 0 0 0 0 0 0 0 0 2 -9 3 -11 5 -12 7 -12 9 -12 10 -11 11 -10 11 -9 10 -7 9 -6 7 -6 4 -5 0 -5 -4 -6 -7 -8 -11 -9 -14 -11 -16 -13 -18 -15 -19 -16 -20 -16 -20 -16 -19 -16 -17 -15 -15 -12 -12 -8
CSI_DATA: 28 -64 1 0 38 15 34 15 29 14 25 11 21 8 18 4 16 0 14 -5 14 -9 15 -13 16 -16 18 -17 21 -17 22 -16 23 -14 24 -11 23 -8 21 -5 19 -3 16 -2 13 -1 11 -2 9 -4 8 -5 9 -6 0 0 0 0 0 0 0 0 0 0 0 0 0 0 0 0 0 0 0 0 0 0 3 14 2 13 1 11 2 10 4 9 6 9 8 10 10 12 12 16 13 19 12 22 11 25 9 27 7 28 5 27 4 25 4 22 5 19 7 15 11 12 15 9 21 7 26 6 32 6 37 7 40 9
CSI_DATA: 28 -64 1 0 -5 27 -2 21 3 18 7 13 12 11 17 9 21 9 24 9 27 11 28 12 27 13 26 15 24 16 21 16 18 15 14 13 12 12 10 9 9 5 9 3 10 0 12 -1 14 -1 16 0 17 3 0 0 0 0 0 0 0 0 0 0 0 0 0 0 0 0 0 0 0 0 0 0 -7 7 -7 9 -9 11 -11 13 -14 14 -16 14 -20 13 -22 12 -24 10 -24 8 -24 5 -23 4 -20 4 -17 4 -13 7 -10 10 -7 14 -5 18 -3 23 -2 29 -2 33 -2 37 -5 41 -7 42 -8 42 -10 41
CSI_DATA: 28 -64 1 0 -27 24 -29 24 -29 24 -29 22 -28 20 -26 17 -22 15 -18 13 -13 11 -8 11 -4 11 0 12 4 13 7 16 7 18 7 20 6 22 4 23 2 22 -1 21 -3 19 -5 17 -6 14 -5 11 -4 9 0 0 0 0 0 0 0 0 0 0 0 0 0 0 0 0 0 0 0 0 0 0 -11 -17 -7 -18 -4 -19 -2 -18 -1 -16 -1 -14 -2 -11 -3 -10 -6 -9 -9 -8 -14 -9 -18 -11 -21 -12 -23 -15 -23 -17 -25 -20 -24 -21 -23 -21 -22 -21 -20 -18 -18 -15 -17 -11 -16 -5 -16 1 -18 8 -20 14
CSI_DATA: 28 -64 1 0 -1 18 3 22 7 25 9 28 10 30 10 32 9 32 8 33 7 31 6 28 4 25 4 21 3 17 4 13 6 9 8 6 11 4 14 3 16 3 18 4 19 6 19 9 19 12 16 14 13 17 0 0 0 0 0 0 0 0 0 0 0 0 0 0 0 0 0 0 0 0 0 0 -17 -2 -18 -5 -18 -8 -18 -11 -17 -12 -16 -14 -14 -14 -12 -14 -11 -13 -10 -11 -10 -7 -11 -4 -12 0 -16 3 -19 6 -23 8 -27 10 -30 11 -32 12 -33 12 -34 11 -34 10 -32 10 -29 9 -25 9 -19 11
CSI_DATA: 28 -64 1 0 -8 -19 -13 -20 -18 -22 -21 -24 -23 -25 -23 -27 -23 -27 -22 -28 -20 -27 -18 -26 -15 -23 -13 -19 -12 -15 -10 -11 -10 -7 -11 -3 -13 0 -15 2 -17 2 -19 2 -21 1 -22 -1 -22 -4 -22 -8 -19 -11 0 0 0 0 0 0 0 0 0 0 0 0 0 0 0 0 0 0 0 0 0 0 16 -6 18 -4 20 -2 21 1 21 3 20 6 18 7 17 7 15 7 13 4 12 2 11 -2 11 -6 13 -11 15 -15 17 -19 20 -22 23 -24 25 -26 26 -26 27 -26 27 -25 26 -23 23 -22 19 -20 14 -19
CSI_DATA: 28 -64 1 0 -2 -44 -1 -40 0 -35 -1 -30 -2 -23 -5 -17 -8 -12 -12 -7 -16 -4 -21 -2 -24 -1 -27 -2 -30 -3 -30 -6 -29 -9 -27 -10 -25 -13 -21 -13 -17 -13 -14 -11 -11 -9 -9 -6 -8 -3 -9 -1 -11 1 0 0 0 0 0 0 0 0 0 0 0 0 0 0 0 0 0 0 0 0 0 0 15 1 12 1 10 0 8 -2 8 -5 9 -8 11 -11 14 -13 18 -15 21 -15 26 -14 28 -13 29 -11 29 -8 28 -7 25 -6 21 -6 17 -7 11 -9 6 -13 1 -18 -3 -23 -6 -29 -8 -35 -9 -41 -8 -46
CSI_DATA: 28 -64 1 0 17 7 22 5 26 3 31 2 32 2 33 3 34 4 32 5 30 5 27 5 23 4 19 4 16 2 12 -1 9 -4 7 -7 7 -11 7 -13 9 -15 11 -16 13 -17 15 -15 17 -13 19 -10 18 -6 0 0 0 0 0 0 0 0 0 0 0 0 0 0 0 0 0 0 0 0 0 0 -9 13 -12 14 -15 13 -18 12 -19 10 -20 8 -20 6 -19 5 -17 4 -15 3 -12 5 -9 7 -6 10 -4 15 -2 19 -2 23 -2 28 -2 31 -2 34 -3 35 -4 36 -5 35 -5 32 -4 30 -1 26 2 21
CSI_DATA: 28 -64 1 0 -31 21 -33 22 -33 22 -33 20 -32 18 -30 16 -27 14 -22 12 -18 11 -13 10 -8 9 -4 10 1 11 5 13 7 15 9 17 9 20 7 22 5 23 3 23 0 23 -2 21 -5 19 -6 16 -7 13 0 0 0 0 0 0 0 0 0 0 0 0 0 0 0 0 0 0 0 0 0 0 1 -20 4 -19 6 -17 7 -14 6 -12 3 -10 1 -9 -2 -10 -6 -10 -9 -12 -12 -15 -15 -18 -16 -22 -17 -25 -17 -27 -17 -29 -16 -29 -15 -28 -14 -27 -13 -24 -12 -20 -13 -15 -13 -9 -16 -2 -18 4 -22 11
CSI_DATA: 28 -64 1 0 8 -22 9 -23 10 -23 10 -22 10 -21 10 -18 9 -17 6 -14 5 -13 2 -11 -1 -10 -3 -10 -5 -10 -6 -11 -7 -13 -7 -13 -6 -15 -6 -15 -4 -16 -2 -15 0 -14 1 -13 2 -11 2 -9 2 -8 0 0 0 0 0 0 0 0 0 0 0 0 0 0 0 0 0 0 0 0 0 0 13 -2 12 1 12 3 11 4 9 4 9 4 7 3 8 1 8 0 9 -2 12 -3 14 -3 16 -4 18 -4 19 -3 20 -2 21 -1 20 -1 19 -1 18 -1 15 -1 13 -3 11 -6 9 -9 8 -12 8 -16
CSI_DATA: 28 -64 1 0 -4 -43 -2 -38 -1 -34 -2 -27 -3 -21 -6 -15 -9 -10 -14 -5 -18 -3 -22 -1 -25 0 -28 0 -30 -2 -31 -5 -29 -7 -27 -9 -24 -11 -20 -12 -16 -11 -13 -9 -10 -6 -8 -3 -9 0 -10 3 -13 4 0 0 0 0 0 0 0 0 0 0 0 0 0 0 0 0 0 0 0 0 0 0 15 2 12 3 10 2 8 0 7 -3 8 -6 10 -9 13 -11 17 -13 20 -13 24 -13 27 -12 27 -10 28 -8 26 -7 24 -6 20 -5 16 -6 11 -8 5 -12 0 -16 -4 -22 -7 -28 -9 -34 -10 -40 -9 -44
CSI_DATA: 28 -64 1 0 -4 45 -4 44 -4 35 -4 31 0 23 2 18 7 12 10 8 15 3 20 1 24 0 28 0 32 1 30 4 32 7 29 9 28 12 23 13 19 12 15 12 12 9 9 6 8 2 8 0 10 -3 0 0 0 0 0 0 0 0 0 0 0 0 0 0 0 0 0 0 0 0 0 0 -13 -6 -11 -5 -9 -3 -9 0 -10 3 -14 5 -16 7 -20 9 -24 8 -27 8 -30 6 -32 4 -32 2 -31 1 -30 -1 -25 -2 -22 0 -16 3 -13 7 -7 12 -3 19 -1 25 2 30 4 38 4 45 3 49
CSI_DATA: 28 -64 1 0 -42 -25 -35 -23 -32 -23 -26 -17 -21 -12 -18 -6 -15 -1 -12 6 -12 11 -13 17 -13 21 -15 24 -17 25 -21 26 -21 22 -24 21 -24 17 -23 14 -21 10 -19 7 -15 5 -11 5 -8 5 -5 6 -4 9 0 0 0 0 0 0 0 0 0 0 0 0 0 0 0 0 0 0 0 0 0 0 10 -9 8 -7 6 -7 3 -8 1 -11 0 -14 0 -18 1 -22 2 -26 5 -29 9 -30 11 -30 13 -30 14 -28 13 -25 12 -23 8 -19 5 -17 -1 -14 -9 -12 -15 -12 -23 -12 -31 -14 -36 -16 -41 -18 -44 -22
CSI_DATA: 28 -64 1 0 18 3 16 3 14 3 12 2 10 1 8 -1 5 -2 4 -4 3 -6 2 -9 2 -10 2 -11 3 -12 4 -13 5 -12 6 -11 6 -10 7 -9 6 -7 6 -6 5 -5 4 -4 2 -3 1 -4 0 -4 0 0 0 0 0 0 0 0 0 0 0 0 0 0 0 0 0 0 0 0 0 0 -2 4 -1 3 -1 3 0 3 2 4 3 5 3 6 4 8 4 10 3 11 2 12 1 13 0 13 -1 12 -1 11 -1 10 0 8 1 6 3 4 5 3 8 1 10 0 13 0 16 0 18 0 20 1
CSI_DATA: 28 -64 1 0 -43 -11 -39 -11 -33 -10 -29 -8 -23 -5 -18 -1 -14 3 -10 7 -8 12 -6 17 -6 21 -7 24 -8 26 -10 27 -12 26 -14 25 -15 22 -16 19 -15 15 -15 12 -12 9 -10 7 -7 6 -4 6 -2 8 0 0 0 0 0 0 0 0 0 0 0 0 0 0 0 0 0 0 0 0 0 0 5 -10 4 -9 1 -9 -1 -10 -4 -11 -5 -14 -7 -17 -7 -21 -6 -25 -4 -28 -2 -30 1 -31 3 -30 4 -29 4 -26 3 -23 1 -20 -2 -16 -7 -13 -12 -9 -18 -6 -24 -5 -31 -4 -37 -5 -42 -5 -45 -7
CSI_DATA: 28 -64 1 0 -6 42 -7 38 -6 33 -4 27 -3 21 1 16 4 12 8 8 13 5 18 2 21 2 24 2 26 3 28 5 27 8 26 10 24 12 20 13 17 13 13 12 10 10 7 7 6 5 6 1 8 0 0 0 0 0 0 0 0 0 0 0 0 0 0 0 0 0 0 0 0 0 0 0 -11 -5 -9 -4 -8 -2 -9 1 -10 3 -13 5 -17 7 -20 7 -24 7 -26 5 -29 3 -30 1 -30 -1 -28 -2 -26 -3 -23 -2 -19 0 -15 2 -11 6 -7 12 -4 17 -2 23 -1 30 0 35 0 40 -2 45
CSI_DATA: 28 -64 1 0 -4 15 -1 20 3 24 4 28 4 30 4 32 3 32 3 32 1 29 1 27 0 23 0 19 1 15 2 11 5 7 7 4 10 2 13 1 16 1 18 2 18 5 18 7 18 9 16 12 12 14 0 0 0 0 0 0 0 0 0 0 0 0 0 0 0 0 0 0 0 0 0 0 -13 -10 -13 -13 -12 -16 -10 -19 -8 -20 -6 -20 -4 -20 -3 -19 -2 -16 -3 -14 -4 -11 -7 -8 -10 -5 -14 -3 -19 -1 -23 -1 -28 0 -31 0 -33 -1 -35 -2 -35 -3 -35 -3 -32 -3 -29 -2 -25 0 -19 3
CSI_DATA: 28 -64 1 0 -17 4 -19 9 -20 13 -23 16 -25 18 -26 18 -26 18 -27 18 -25 16 -24 14 -22 12 -19 10 -15 8 -11 7 -7 7 -4 7 0 8 2 11 3 13 3 15 2 17 1 19 -2 20 -5 19 -8 18 0 0 0 0 0 0 0 0 0 0 0 0 0 0 0 0 0 0 0 0 0 0 0 -17 3 -18 6 -19 9 -18 11 -17 11 -15 11 -13 11 -11 9 -10 6 -9 3 -9 0 -10 -4 -12 -8 -14 -11 -17 -14 -21 -15 -24 -16 -27 -17 -29 -17 -30 -17 -31 -16 -30 -15 -28 -14 -25 -13 -20 -13 -15
CSI_DATA: 28 -64 1 0 11 15 17 16 22 17 25 18 27 19 28 20 27 21 26 22 23 21 21 20 18 17 15 14 12 10 11 6 10 2 11 -2 12 -5 14 -7 16 -8 18 -8 20 -7 21 -5 22 -2 21 2 19 6 0 0 0 0 0 0 0 0 0 0 0 0 0 0 0 0 0 0 0 0 0 0 -14 8 -17 7 -19 5 -21 3 -22 0 -22 -2 -21 -4 -19 -5 -17 -4 -14 -3 -13 -1 -11 2 -10 7 -10 11 -11 16 -14 20 -15 24 -18 27 -19 29 -20 30 -22 30 -21 29 -21 27 -18 25 -14 22 -9 20
CSI_DATA: 28 -64 1 0 -7 -2 -5 -6 -7 -8 -5 -7 -5 -3 -4 -10 -4 -14 0 -10 -5 -11 -3 -3 -7 -7 -8 -8 -3 -4 0 -5 -3 -5 -3 -5 2 -5 -2 -4 5 -2 2 -4 7 -5 7 -7 3 -6 4 -3 7 -2 0 0 0 0 0 0 0 0 0 0 0 0 0 0 0 0 0 0 0 0 0 0 0 2 -4 2 -5 4 -2 6 -5 6 -10 6 -12 5 -6 2 -12 3 -6 6 -4 6 -7 4 -7 3 -4 3 -5 1 -8 -2 -10 -5 -7 -5 -9 -9 -10 1 -7 -7 -12 -7 -14 -5 -11 -3 -8 -1 -9 4
CSI_DATA: 28 -64 1 0 -3 -2 -5 3 -8 -4 -3 -3 -4 -2 -8 -5 -6 0 -8 -6 -8 2 -9 -4 -10 2 -7 4 -11 -1 -8 -2 -6 -1 -8 -3 -4 -3 -2 -2 -5 -3 -2 -2 -4 -2 -5 -3 -4 -2 -3 -7 -3 -7 0 0 0 0 0 0 0 0 0 0 0 0 0 0 0 0 0 0 0 0 0 0 -3 6 -4 4 -7 4 -5 4 -10 4 -6 6 -7 1 -5 3 -5 3 -6 5 -4 4 -1 6 -1 6 -6 2 -4 1 -4 -1 -6 0 -9 0 -8 -3 -6 -1 -10 2 -10 0 -12 3 -11 2 -7 4 -8 9
CSI_DATA: 28 -64 1 0 4 4 0 5 -1 8 -2 6 -1 7 0 5 3 7 2 5 1 7 6 6 3 9 4 2 2 9 0 5 0 5 -2 3 -1 6 -3 6 -6 5 0 2 0 3 -7 5 -3 8 -7 4 -8 2 0 0 0 0 0 0 0 0 0 0 0 0 0 0 0 0 0 0 0 0 0 0 6 3 6 2 5 4 5 4 4 5 4 5 4 3 7 9 5 4 7 1 4 5 1 4 5 4 0 4 1 6 -3 6 0 6 -1 9 -1 12 3 9 1 14 2 8 6 9 6 12 6 9 9 7
CSI_DATA: 28 -64 1 0 22 -13 16 -13 10 -13 4 -15 -1 -17 -5 -19 -8 -22 -10 -25 -11 -28 -10 -29 -10 -30 -8 -30 -6 -29 -3 -27 -1 -24 0 -21 0 -17 -1 -14 -2 -10 -5 -9 -7 -7 -9 -7 -11 -9 -12 -11 -12 -14 0 0 0 0 0 0 0 0 0 0 0 0 0 0 0 0 0 0 0 0 0 0 10 0 12 0 14 0 17 2 19 4 20 7 20 9 20 12 20 14 17 15 16 15 14 14 12 11 11 8 12 4 13 0 15 -5 17 -10 20 -13 24 -16 27 -19 31 -21 34 -21 36 -21 37 -19 36 -18
CSI_DATA: 28 -64 1 0 -37 10 -39 10 -39 8 -39 7 -37 6 -34 5 -30 4 -26 3 -21 3 -17 4 -13 6 -10 9 -7 11 -5 14 -5 17 -6 19 -8 21 -10 21 -12 20 -14 18 -15 16 -16 13 -17 10 -16 7 -15 4 0 0 0 0 0 0 0 0 0 0 0 0 0 0 0 0 0 0 0 0 0 0 -7 -19 -4 -18 -1 -17 0 -16 0 -14 -1 -12 -3 -11 -6 -11 -9 -11 -11 -12 -14 -15 -17 -18 -18 -21 -18 -24 -18 -26 -18 -27 -17 -28 -15 -28 -14 -27 -14 -23 -14 -20 -15 -16 -16 -10 -19 -6 -23 0 -27 5
CSI_DATA: 28 -64 1 0 25 -15 25 -13 25 -12 22 -11 19 -9 16 -8 12 -7 7 -6 3 -6 -1 -7 -4 -8 -7 -9 -10 -10 -11 -13 -11 -14 -10 -15 -9 -17 -7 -17 -5 -16 -3 -14 -2 -12 -1 -10 -1 -8 -2 -5 -3 -4 0 0 0 0 0 0 0 0 0 0 0 0 0 0 0 0 0 0 0 0 0 0 -9 11 -10 8 -9 6 -8 5 -6 4 -3 4 -1 5 1 6 3 8 5 11 6 14 6 17 6 18 5 21 5 21 4 21 3 20 2 18 3 15 3 13 4 8 6 4 9 -1 11 -5 15 -9 19 -12
CSI_DATA: 28 -64 1 0 -23 -40 -19 -37 -16 -33 -15 -28 -14 -23 -15 -18 -17 -13 -19 -9 -21 -6 -24 -5 -27 -4 -29 -5 -30 -7 -30 -10 -28 -12 -26 -14 -22 -16 -19 -16 -15 -15 -13 -14 -11 -11 -10 -9 -11 -7 -12 -6 -13 -7 0 0 0 0 0 0 0 0 0 0 0 0 0 0 0 0 0 0 0 0 0 0 -2 -18 0 -16 -1 -15 -2 -14 -3 -15 -5 -17 -5 -19 -5 -22 -4 -26 -3 -29 -1 -31 2 -32 4 -33 6 -32 7 -30 7 -28 5 -25 2 -24 -2 -22 -7 -22 -12 -22 -17 -24 -22 -27 -26 -30 -29 -35 -29 -39
CSI_DATA: 28 -64 1 0 -4 20 -2 26 0 30 0 34 0 36 -1 37 -1 36 -2 34 -2 31 -2 27 -2 22 -1 17 1 12 4 7 7 4 10 1 14 0 17 0 20 0 21 2 21 5 20 7 19 10 17 12 13 13 0 0 0 0 0 0 0 0 0 0 0 0 0 0 0 0 0 0 0 0 0 0 -8 -18 -5 -21 -3 -23 0 -24 2 -23 4 -23 5 -20 6 -18 4 -16 2 -12 -2 -10 -6 -9 -11 -8 -17 -8 -22 -8 -27 -9 -32 -10 -34 -12 -36 -13 -36 -14 -36 -14 -34 -14 -31 -12 -27 -9 -22 -5 -17 0
CSI_DATA: 28 -64 1 0 -19 8 -12 10 -4 12 2 15 7 18 11 21 14 24 15 27 15 28 15 30 14 29 11 29 9 27 7 24 5 20 4 17 3 12 4 8 5 5 7 2 10 0 12 -1 16 0 18 3 19 6 0 0 0 0 0 0 0 0 0 0 0 0 0 0 0 0 0 0 0 0 0 0 -13 -7 -15 -10 -16 -13 -16 -16 -16 -19 -15 -22 -13 -24 -11 -24 -9 -24 -7 -23 -6 -20 -6 -17 -7 -13 -9 -8 -11 -4 -16 0 -20 4 -25 7 -29 10 -35 12 -38 13 -41 13 -44 12 -44 11 -42 10 -39 9
CSI_DATA: 28 -64 1 0 -7 25 -8 24 -8 23 -8 20 -7 18 -6 15 -4 13 -2 10 1 8 3 7 6 5 8 5 10 5 12 7 13 8 12 9 12 11 10 12 8 11 7 11 4 10 3 9 2 7 2 6 2 4 0 0 0 0 0 0 0 0 0 0 0 0 0 0 0 0 0 0 0 0 0 0 -11 -6 -9 -7 -8 -7 -6 -6 -5 -5 -5 -3 -6 -1 -8 0 -10 2 -12 2 -15 2 -17 1 -19 1 -20 -1 -20 -2 -20 -3 -19 -3 -17 -3 -15 -2 -13 -1 -10 1 -8 5 -7 9 -5 12 -4 17 -4 21
CSI_DATA: 28 -64 1 0 -10 8 -5 8 0 8 4 9 8 11 11 12 13 13 13 15 14 16 13 16 13 15 10 15 8 14 7 12 5 10 4 7 4 4 5 2 6 0 7 -2 9 -3 10 -3 11 -2 13 0 13 3 0 0 0 0 0 0 0 0 0 0 0 0 0 0 0 0 0 0 0 0 0 0 -6 -2 -8 -3 -10 -4 -12 -5 -13 -7 -13 -10 -13 -11 -12 -13 -11 -14 -9 -14 -8 -13 -7 -12 -6 -9 -7 -6 -7 -2 -9 1 -11 5 -13 8 -15 10 -18 12 -20 14 -23 14 -24 15 -25 14 -24 13 -22 12
CSI_DATA: -57 112 12 0 13 13 13 7 9 14 10 4 13 13 4 7 8 7 9 12 11 13 10 11 6 11 6 8 8 11 5 8 8 5 12 8 7 8 3 3 7 6 8 8 7 8 6 3 6 2 4 5 1 7 0 0 0 0 0 0 0 0 0 0 0 0 0 0 0 0 0 0 0 0 0 0 -1 1 1 1 1 2 6 6 2 2 6 -4 1 7 8 2 3 4 8 2 6 4 6 6 7 2 6 7 7 4 5 8 6 7 4 9 9 2 7 3 12 13 12 6 15 6 10 6 13 10 8 5 -1 -1 40 46 40 51 46 36 43 39 34 27 36 42 33 45 32 36 34 43 43 51 28 37 17 34 24 36 33 18 26 27 35 36 27 41 30 35 26 30 13 17 21 35 19 26 24 25 16 11 21 15 9 21 13 18 7 27 0 0 0 0 0 0 0 0 -1 -1 -1 -1 -1 -1 12 -4 4 2 4 10 9 9 15 18 21 9 9 22 14 2 14 20 22 9 20 15 33 15 23 14 15 23 23 17 37 13 22 20 31 36 29 22 17 26 30 32 26 26 30 33 44 25 40 38 28 20 66 27 30 28
CSI_DATA: 28 -64 1 0 -42 -9 -37 -9 -30 -7 -24 -4 -17 -2 -11 2 -4 5 1 9 5 13 9 17 10 21 11 23 12 26 10 26 9 26 6 26 4 24 1 22 0 18 -1 14 -1 10 0 6 2 3 4 1 7 0 0 0 0 0 0 0 0 0 0 0 0 0 0 0 0 0 0 0 0 0 0 0 8 1 6 -2 4 -5 4 -9 4 -13 5 -17 7 -20 10 -23 13 -25 16 -25 19 -26 20 -25 20 -22 20 -20 17 -18 13 -15 8 -12 2 -10 -5 -8 -12 -6 -20 -5 -27 -4 -34 -4 -40 -5 -45 -6 -48 -7
CSI_DATA: 28 -64 1 0 15 -16 7 -14 -1 -15 -8 -14 -15 -15 -20 -17 -24 -18 -27 -21 -28 -23 -27 -24 -25 -24 -23 -24 -20 -23 -17 -21 -13 -17 -11 -13 -9 -9 -9 -4 -9 0 -11 3 -13 5 -16 7 -19 6 -21 4 -23 0 0 0 0 0 0 0 0 0 0 0 0 0 0 0 0 0 0 0 0 0 0 0 8 3 12 3 15 4 17 6 20 10 20 13 20 16 20 19 18 21 16 21 13 20 11 18 10 14 10 9 10 3 12 -2 14 -8 18 -14 21 -19 25 -23 29 -27 32 -29 36 -30 37 -28 37 -27 35 -25
CSI_DATA: 28 -64 1 0 -10 19 -3 15 4 12 12 8 18 7 24 6 28 6 32 7 33 8 33 9 32 10 30 11 27 11 23 10 18 9 14 7 11 3 8 -1 6 -5 6 -9 7 -12 9 -15 12 -16 15 -15 19 -13 0 0 0 0 0 0 0 0 0 0 0 0 0 0 0 0 0 0 0 0 0 0 -9 -3 -12 -2 -16 -2 -19 -4 -22 -7 -24 -9 -25 -12 -25 -16 -24 -18 -22 -19 -19 -19 -17 -17 -14 -14 -12 -9 -11 -3 -12 4 -12 10 -13 17 -15 23 -17 29 -20 34 -22 37 -26 39 -27 39 -28 37 -26 34
CSI_DATA: 28 -64 1 0 32 29 28 26 23 22 19 17 15 11 11 4 9 -3 7 -9 6 -15 6 -20 6 -24 7 -27 10 -29 12 -29 14 -27 15 -25 16 -22 15 -18 14 -14 11 -10 8 -8 4 -6 0 -6 -3 -7 -5 -9 0 0 0 0 0 0 0 0 0 0 0 0 0 0 0 0 0 0 0 0 0 0 -11 -4 -9 -2 -7 1 -6 4 -7 8 -8 12 -11 15 -14 18 -18 19 -21 20 -25 19 -26 18 -27 16 -26 14 -24 12 -20 10 -15 9 -9 9 -2 9 5 11 13 12 20 15 26 18 32 22 36 25 38 29
CSI_DATA: 28 -64 1 0 -30 3 -26 3 -22 2 -18 2 -13 2 -9 3 -4 5 0 7 3 9 6 11 7 13 8 15 7 17 7 18 5 18 3 18 2 17 0 15 -1 12 -1 10 -1 7 0 5 2 3 4 2 5 2 0 0 0 0 0 0 0 0 0 0 0 0 0 0 0 0 0 0 0 0 0 0 5 -6 3 -5 1 -5 -1 -5 -3 -7 -4 -10 -5 -12 -5 -14 -5 -18 -4 -20 -3 -21 -2 -21 0 -21 1 -20 1 -18 0 -16 -1 -12 -2 -9 -5 -6 -9 -2 -12 0 -17 3 -21 5 -25 7 -29 7 -31 8
CSI_DATA: 28 -64 1 0 -35 -26 -35 -27 -34 -29 -32 -28 -29 -26 -26 -23 -22 -20 -18 -16 -15 -11 -13 -5 -10 1 -10 6 -10 11 -11 15 -12 17 -15 20 -17 20 -19 19 -21 16 -21 14 -21 10 -20 7 -18 4 -15 2 -12 1 0 0 0 0 0 0 0 0 0 0 0 0 0 0 0 0 0 0 0 0 0 0 21 1 19 5 16 6 14 6 11 5 9 2 7 0 8 -5 8 -9 11 -14 13 -17 17 -20 21 -23 24 -23 26 -23 28 -23 28 -21 27 -20 24 -18 20 -16 14 -15 8 -14 1 -14 -7 -14 -15 -16 -22 -19
CSI_DATA: 28 -64 1 0 -10 -20 -15 -23 -19 -27 -20 -29 -21 -30 -21 -31 -20 -31 -19 -30 -16 -28 -14 -24 -12 -19 -10 -15 -9 -10 -9 -5 -10 0 -11 4 -13 7 -16 8 -19 9 -21 8 -22 6 -23 4 -23 1 -22 -3 -19 -6 0 0 0 0 0 0 0 0 0 0 0 0 0 0 0 0 0 0 0 0 0 0 17 8 17 11 16 14 15 17 13 19 10 19 8 18 6 17 6 14 6 10 7 6 10 1 13 -3 17 -6 21 -9 26 -11 30 -12 34 -12 35 -12 36 -12 36 -11 34 -10 31 -10 25 -10 19 -10 12 -12
CSI_DATA: 28 -64 1 0 13 7 11 3 9 -2 8 -6 8 -11 8 -15 10 -17 11 -19 11 -19 13 -20 13 -19 13 -16 13 -15 11 -12 10 -10 8 -8 5 -7 2 -6 -1 -7 -3 -8 -4 -9 -4 -11 -3 -13 -2 -15 0 -15 0 0 0 0 0 0 0 0 0 0 0 0 0 0 0 0 0 0 0 0 0 0 0 6 1 7 1 9 1 11 1 14 -1 16 -3 18 -4 18 -6 18 -8 16 -9 15 -9 13 -7 12 -5 10 -1 8 2 7 6 7 11 8 15 9 18 10 22 12 24 14 25 16 25 17 24 18 23 17
CSI_DATA: 28 -64 1 0 9 -24 3 -18 -4 -14 -11 -8 -18 -6 -24 -4 -28 -3 -33 -3 -35 -4 -36 -5 -36 -6 -34 -7 -31 -8 -27 -9 -22 -8 -17 -7 -13 -4 -10 -1 -7 3 -6 7 -6 11 -7 14 -10 16 -14 16 -18 15 0 0 0 0 0 0 0 0 0 0 0 0 0 0 0 0 0 0 0 0 0 0 7 2 10 1 14 0 18 1 21 2 24 5 26 8 27 11 26 14 25 15 23 16 20 15 16 12 14 8 12 2 11 -3 9 -10 10 -17 10 -25 12 -31 14 -36 16 -41 19 -44 20 -45 22 -44 22 -42
CSI_DATA: 28 -64 1 0 25 -9 16 -9 7 -11 0 -13 -7 -16 -12 -18 -17 -21 -20 -25 -22 -27 -22 -29 -21 -30 -19 -29 -17 -29 -14 -27 -11 -24 -8 -20 -6 -15 -6 -11 -6 -6 -8 -2 -10 1 -13 3 -16 3 -19 2 -22 -1 0 0 0 0 0 0 0 0 0 0 0 0 0 0 0 0 0 0 0 0 0 0 7 8 9 10 11 12 12 16 12 20 11 23 10 25 8 27 6 28 3 27 2 26 1 22 1 18 3 13 6 8 11 4 15 -1 21 -6 26 -9 32 -12 37 -14 41 -15 45 -15 47 -15 47 -13 44 -12
CSI_DATA: 28 -64 1 0 -26 -9 -20 -4 -13 3 -8 9 -5 16 -2 21 0 26 1 31 0 33 0 35 -2 35 -4 34 -5 32 -6 28 -6 24 -6 19 -5 15 -2 11 1 7 4 5 8 4 11 4 14 6 16 9 16 13 0 0 0 0 0 0 0 0 0 0 0 0 0 0 0 0 0 0 0 0 0 0 -2 -11 -2 -14 -1 -18 0 -22 1 -24 4 -27 7 -27 10 -28 12 -27 14 -25 14 -23 12 -20 9 -17 5 -14 -1 -12 -7 -11 -14 -9 -20 -10 -27 -10 -33 -11 -38 -12 -43 -15 -45 -16 -47 -18 -46 -19 -43 -19
CSI_DATA: 28 -64 1 0 6 41 5 42 4 42 2 40 1 37 0 33 0 28 1 23 3 17 5 12 8 7 11 4 15 1 18 0 21 0 24 1 25 3 25 6 24 8 22 10 19 12 16 12 12 12 10 11 7 9 0 0 0 0 0 0 0 0 0 0 0 0 0 0 0 0 0 0 0 0 0 0 -20 -8 -17 -11 -14 -11 -12 -11 -10 -9 -9 -6 -10 -3 -11 0 -14 3 -17 5 -22 6 -26 7 -29 7 -32 7 -34 5 -35 4 -34 3 -33 2 -29 2 -25 3 -21 4 -16 7 -11 12 -5 16 -1 23 2 29
CSI_DATA: 28 -64 1 0 15 -13 7 -11 -1 -10 -9 -9 -16 -9 -21 -10 -26 -11 -29 -12 -31 -13 -31 -14 -30 -14 -27 -15 -25 -14 -21 -13 -17 -11 -13 -9 -9 -5 -7 -1 -5 3 -5 8 -6 11 -8 14 -11 15 -14 15 -17 14 0 0 0 0 0 0 0 0 0 0 0 0 0 0 0 0 0 0 0 0 0 0 3 5 6 7 8 9 10 12 11 16 11 20 10 23 9 25 7 26 4 25 3 24 2 21 2 17 2 12 5 6 8 1 12 -4 16 -10 20 -15 25 -19 29 -22 33 -24 36 -25 37 -25 37 -24 34 -22
CSI_DATA: 28 -64 1 0 37 -16 39 -16 39 -14 38 -13 34 -11 30 -9 25 -8 19 -7 13 -7 7 -9 2 -10 -3 -12 -6 -14 -9 -17 -10 -20 -10 -23 -9 -25 -7 -26 -4 -25 -2 -24 0 -22 2 -19 3 -16 3 -12 2 -10 0 0 0 0 0 0 0 0 0 0 0 0 0 0 0 0 0 0 0 0 0 0 -13 17 -15 14 -15 11 -14 8 -12 6 -9 5 -5 6 -2 8 2 11 4 14 6 19 7 23 7 27 6 30 5 32 4 33 3 33 2 31 2 29 3 24 3 19 6 13 10 7 14 1 20 -5 26 -10
CSI_DATA: 28 -64 1 0 8 -16 8 -23 8 -29 9 -32 10 -35 11 -36 11 -35 10 -33 10 -30 8 -26 7 -21 5 -16 1 -11 -1 -6 -5 -3 -9 1 -13 2 -17 3 -19 3 -22 1 -23 -1 -24 -4 -22 -6 -20 -8 -16 -10 0 0 0 0 0 0 0 0 0 0 0 0 0 0 0 0 0 0 0 0 0 0 -15 10 -18 9 -21 8 -23 5 -23 4 -22 2 -21 1 -19 -1 -15 0 -12 0 -8 3 -4 6 1 10 5 15 8 19 11 24 12 27 15 31 15 33 15 35 15 34 14 33 14 30 12 24 11 18 9 9
CSI_DATA: 28 -64 1 0 -9 15 -9 22 -9 28 -10 31 -11 34 -12 35 -12 34 -11 33 -11 29 -10 25 -8 20 -6 15 -3 10 0 6 4 1 8 -1 12 -4 16 -4 19 -4 21 -3 22 -1 23 2 21 4 19 7 16 9 0 0 0 0 0 0 0 0 0 0 0 0 0 0 0 0 0 0 0 0 0 0 15 -9 18 -8 21 -7 22 -5 23 -3 22 -1 20 0 18 1 15 1 11 0 7 -3 3 -7 -1 -11 -4 -16 -7 -20 -11 -26 -12 -29 -14 -34 -14 -35 -15 -36 -15 -36 -14 -34 -13 -31 -12 -26 -11 -19 -10 -11
CSI_DATA: 28 -64 1 0 23 -4 15 -7 8 -11 2 -14 -3 -18 -7 -23 -9 -26 -11 -30 -11 -32 -10 -33 -9 -33 -7 -32 -5 -30 -3 -26 -2 -22 -1 -17 -2 -12 -4 -8 -6 -5 -10 -3 -13 -2 -16 -3 -18 -5 -20 -8 -19 -12 0 0 0 0 0 0 0 0 0 0 0 0 0 0 0 0 0 0 0 0 0 0 4 7 7 9 9 11 11 14 11 18 11 21 10 24 8 26 6 27 3 27 2 26 1 23 1 19 3 15 6 10 10 6 15 2 21 -2 25 -4 31 -6 37 -7 41 -7 44 -6 46 -5 45 -4 43 -3
CSI_DATA: 28 -64 1 0 34 -23 30 -19 25 -16 19 -14 12 -12 6 -12 -1 -12 -7 -13 -12 -15 -15 -17 -18 -19 -19 -22 -18 -24 -17 -25 -14 -26 -11 -25 -8 -23 -6 -21 -4 -17 -3 -13 -3 -10 -5 -6 -7 -4 -10 -4 -13 -5 0 0 0 0 0 0 0 0 0 0 0 0 0 0 0 0 0 0 0 0 0 0 1 13 0 10 1 7 4 6 7 5 11 6 15 7 18 10 20 14 21 17 21 20 20 23 18 24 16 24 14 22 12 19 11 14 11 9 11 2 13 -4 15 -11 19 -17 23 -22 27 -26 32 -29 36 -31
