CSI_DATA: 28 -64 1 0 6 30 8 33 10 34 13 33 15 31 16 28 16 24 15 20 12 16 9 11 5 9 1 7 -3 6 -8 5 -11 5 -14 6 -16 6 -18 6 -18 7 -18 7 -17 7 -16 7 -15 5 -13 4 -11 3 0 0 0 0 0 0 0 0 0 0 0 0 0 0 0 0 0 0 0 0 0 0 -13 -18 -11 -19 -10 -20 -9 -20 -7 -18 -5 -16 -2 -14 0 -12 4 -8 8 -5 13 -3 17 0 22 1 26 2 30 2 33 1 34 0 35 -3 34 -5 31 -6 28 -7 24 -6 19 -3 14 1 10 7 7 13
CSI_DATA: 28 -64 1 0 -28 13 -31 16 -30 18 -30 21 -27 22 -24 22 -20 22 -17 20 -13 17 -11 14 -8 10 -7 6 -6 1 -7 -3 -7 -7 -7 -10 -9 -13 -10 -14 -10 -15 -10 -16 -11 -16 -10 -15 -10 -15 -9 -14 -7 -13 0 0 0 0 0 0 0 0 0 0 0 0 0 0 0 0 0 0 0 0 0 0 11 -19 12 -17 12 -15 13 -13 12 -10 11 -8 10 -4 9 0 7 5 6 9 5 14 5 19 6 23 6 27 7 30 9 31 11 33 12 31 14 30 14 27 12 23 10 20 7 16 1 14 -5 11 -12 11
CSI_DATA: 28 -64 1 0 -33 7 -38 9 -38 11 -39 15 -35 18 -32 19 -28 19 -24 18 -20 16 -17 13 -12 9 -9 4 -8 0 -6 -5 -6 -9 -6 -12 -7 -16 -7 -18 -8 -19 -8 -20 -9 -19 -8 -19 -7 -19 -6 -17 -4 -16 0 0 0 0 0 0 0 0 0 0 0 0 0 0 0 0 0 0 0 0 0 0 18 -16 19 -15 18 -12 18 -10 16 -7 15 -5 12 -1 9 3 6 7 3 12 1 18 -1 23 -2 27 -3 32 -1 36 0 37 2 40 4 38 6 37 8 33 8 29 6 25 2 20 -3 16 -9 12 -16 9
CSI_DATA: 28 -64 1 0 -37 -10 -30 -8 -20 -7 -13 -9 -5 -11 1 -14 6 -18 9 -23 10 -27 10 -31 9 -33 7 -34 5 -35 4 -32 2 -30 1 -27 1 -23 1 -19 1 -14 2 -9 3 -5 4 -1 6 4 6 7 7 11 0 0 0 0 0 0 0 0 0 0 0 0 0 0 0 0 0 0 0 0 0 0 3 8 0 12 -4 16 -8 19 -11 22 -14 25 -16 26 -18 28 -18 29 -18 28 -18 28 -17 25 -15 22 -14 17 -13 11 -13 4 -14 -3 -17 -10 -21 -16 -25 -22 -31 -26 -37 -28 -43 -29 -48 -28 -51 -26 -52 -23
CSI_DATA: 28 -64 1 0 38 -8 36 -10 31 -12 27 -12 22 -12 17 -9 13 -6 10 -2 9 2 9 6 10 9 11 13 12 15 14 15 15 15 16 15 16 14 15 12 14 10 12 9 10 8 7 7 4 6 1 5 -2 5 0 0 0 0 0 0 0 0 0 0 0 0 0 0 0 0 0 0 0 0 0 0 -17 -5 -14 -6 -11 -7 -8 -8 -4 -8 -1 -10 3 -11 7 -13 11 -16 13 -18 15 -21 16 -23 16 -25 16 -26 14 -27 12 -26 10 -24 9 -21 8 -17 9 -12 11 -8 15 -4 20 -1 26 1 31 2 37 0
CSI_DATA: 28 -64 1 0 26 -13 29 -15 29 -18 29 -20 26 -21 23 -22 20 -22 16 -20 13 -17 10 -15 9 -10 8 -6 8 -1 9 3 10 5 12 8 13 10 14 11 14 11 14 11 14 10 13 10 12 9 9 9 7 8 0 0 0 0 0 0 0 0 0 0 0 0 0 0 0 0 0 0 0 0 0 0 -20 5 -21 3 -21 2 -21 1 -19 1 -18 0 -15 -2 -12 -4 -9 -6 -5 -9 -2 -13 1 -16 3 -20 4 -25 4 -28 3 -31 1 -34 -1 -35 -3 -35 -5 -32 -6 -30 -6 -26 -4 -22 0 -18 5 -15 11 -13
CSI_DATA: 28 -64 1 0 10 31 11 34 14 36 17 35 19 33 20 30 20 26 19 21 16 18 12 14 8 12 3 10 -1 10 -6 10 -9 10 -12 12 -14 12 -16 13 -16 14 -16 14 -16 13 -15 12 -14 10 -13 9 -12 6 0 0 0 0 0 0 0 0 0 0 0 0 0 0 0 0 0 0 0 0 0 0 -5 -23 -3 -24 -2 -25 -1 -23 0 -22 1 -19 3 -17 4 -13 7 -9 10 -5 13 -1 17 3 22 6 26 8 30 8 34 8 36 6 39 3 38 0 37 -2 33 -3 29 -3 24 -1 19 2 14 8 11 14
CSI_DATA: 28 -64 1 0 -4 -35 -5 -38 -7 -40 -10 -40 -12 -38 -14 -36 -15 -32 -14 -27 -13 -23 -10 -18 -7 -14 -3 -11 2 -7 6 -5 11 -4 14 -3 17 -3 19 -2 21 -2 21 -2 22 -2 21 -1 19 0 17 0 15 2 0 0 0 0 0 0 0 0 0 0 0 0 0 0 0 0 0 0 0 0 0 0 17 15 15 16 14 17 11 16 9 15 6 13 2 11 -2 9 -6 6 -11 3 -17 1 -22 -1 -27 -2 -31 -2 -34 -2 -38 0 -39 1 -39 4 -38 6 -35 7 -31 7 -25 6 -20 3 -15 -2 -10 -8 -6 -15
CSI_DATA: 28 -64 1 0 12 31 14 34 17 35 20 35 22 33 23 29 23 25 21 20 18 16 14 13 10 10 5 8 -1 7 -5 6 -9 6 -14 7 -16 7 -19 8 -20 8 -20 8 -20 8 -20 8 -19 6 -18 5 -16 3 0 0 0 0 0 0 0 0 0 0 0 0 0 0 0 0 0 0 0 0 0 0 -21 -11 -20 -13 -18 -14 -16 -14 -13 -13 -10 -13 -6 -11 -2 -10 3 -8 9 -7 14 -6 20 -6 25 -6 30 -7 33 -9 35 -11 36 -13 35 -15 34 -17 30 -17 26 -16 22 -14 17 -9 14 -3 11 4 10 12
CSI_DATA: 28 -64 1 0 19 27 22 29 25 30 27 28 29 26 28 22 27 18 24 15 21 11 16 9 11 7 6 6 1 6 -4 6 -8 7 -12 9 -15 9 -17 10 -18 11 -18 11 -19 11 -18 10 -17 8 -16 7 -15 4 0 0 0 0 0 0 0 0 0 0 0 0 0 0 0 0 0 0 0 0 0 0 -23 -2 -23 -4 -22 -6 -19 -7 -17 -8 -13 -8 -10 -8 -5 -8 0 -9 6 -9 11 -10 17 -12 22 -13 26 -15 28 -18 30 -21 30 -23 29 -25 26 -25 23 -25 20 -23 17 -19 13 -13 12 -6 11 1 11 9
CSI_DATA: 28 -64 1 0 34 -10 36 -12 37 -15 36 -17 33 -20 29 -20 24 -20 20 -19 15 -15 12 -12 10 -7 8 -2 8 3 9 7 10 10 11 13 12 15 13 16 14 16 14 16 13 15 12 14 11 13 9 12 6 11 0 0 0 0 0 0 0 0 0 0 0 0 0 0 0 0 0 0 0 0 0 0 -23 5 -23 3 -23 1 -22 0 -20 -1 -17 -3 -14 -5 -10 -7 -6 -10 -2 -13 1 -17 4 -21 7 -25 8 -29 8 -33 7 -36 5 -38 2 -38 1 -37 -1 -33 -2 -30 -1 -26 1 -20 6 -15 12 -11 18 -9
CSI_DATA: 28 -64 1 0 20 -26 16 -21 13 -13 13 -7 13 -1 15 4 18 8 21 10 24 10 27 10 28 9 29 7 29 6 28 4 26 2 22 2 20 1 15 1 12 2 7 3 4 4 0 6 -2 8 -5 9 -8 10 0 0 0 0 0 0 0 0 0 0 0 0 0 0 0 0 0 0 0 0 0 0 -10 -7 -9 -12 -8 -16 -7 -21 -7 -23 -7 -27 -7 -28 -7 -30 -7 -31 -7 -29 -7 -28 -6 -26 -4 -23 -2 -20 2 -16 6 -13 12 -11 17 -10 24 -11 30 -12 34 -16 38 -20 39 -24 40 -29 38 -32 35 -35
CSI_DATA: 28 -64 1 0 9 -47 4 -46 1 -41 -1 -37 -3 -30 -3 -24 -1 -18 2 -13 6 -9 10 -6 14 -5 18 -4 22 -5 24 -5 25 -6 25 -7 25 -8 22 -8 20 -7 17 -7 15 -5 12 -3 9 -1 6 2 3 4 0 0 0 0 0 0 0 0 0 0 0 0 0 0 0 0 0 0 0 0 0 0 -6 19 -7 16 -8 12 -9 7 -9 3 -10 -2 -11 -7 -13 -12 -15 -17 -17 -20 -20 -24 -23 -26 -25 -26 -27 -26 -28 -24 -27 -21 -26 -18 -22 -16 -18 -14 -12 -13 -5 -14 1 -17 7 -22 12 -27 15 -34 16 -41
CSI_DATA: 28 -64 1 0 36 -7 38 -10 39 -12 38 -15 35 -17 31 -18 27 -18 22 -18 18 -15 14 -12 10 -7 8 -2 6 2 6 6 6 10 6 14 6 16 6 19 7 19 7 20 7 19 7 19 6 18 5 16 3 14 0 0 0 0 0 0 0 0 0 0 0 0 0 0 0 0 0 0 0 0 0 0 -19 12 -19 10 -18 7 -17 5 -15 2 -13 0 -10 -4 -7 -8 -4 -12 -1 -17 1 -21 3 -26 4 -30 4 -34 3 -36 1 -38 -1 -38 -3 -37 -4 -34 -5 -31 -4 -26 -2 -22 2 -17 7 -12 14 -9 21 -6
CSI_DATA: 28 -64 1 0 -7 16 -13 17 -17 21 -19 24 -20 27 -18 29 -16 31 -14 31 -10 30 -7 27 -5 23 -4 19 -3 14 -4 9 -5 5 -7 1 -9 -3 -11 -6 -13 -8 -15 -9 -17 -10 -17 -11 -18 -11 -17 -11 -15 -11 0 0 0 0 0 0 0 0 0 0 0 0 0 0 0 0 0 0 0 0 0 0 10 -15 13 -15 16 -16 18 -16 19 -15 20 -15 19 -13 19 -12 17 -10 15 -6 13 -2 11 2 10 7 9 13 9 18 10 24 12 28 16 31 19 32 22 33 24 32 26 30 26 27 24 23 20 19 14 16
CSI_DATA: 28 -64 1 0 -23 24 -24 28 -22 30 -20 31 -17 31 -14 30 -10 27 -8 25 -6 20 -5 16 -5 11 -6 7 -8 3 -10 0 -12 -3 -15 -5 -17 -6 -18 -7 -19 -7 -19 -7 -19 -7 -18 -7 -17 -6 -15 -7 -12 -7 0 0 0 0 0 0 0 0 0 0 0 0 0 0 0 0 0 0 0 0 0 0 14 -17 14 -15 14 -12 13 -10 12 -7 11 -4 9 0 8 4 7 8 6 13 6 17 7 22 7 25 9 28 11 31 13 31 15 31 16 29 17 27 16 24 14 20 11 18 6 15 0 14 -6 15 -12 17
CSI_DATA: 28 -64 1 0 35 -17 36 -19 36 -23 33 -25 30 -26 26 -26 21 -24 17 -22 14 -18 10 -14 9 -8 9 -3 9 3 11 6 12 10 14 13 15 14 16 15 17 15 16 14 16 13 15 13 12 11 10 10 7 9 0 0 0 0 0 0 0 0 0 0 0 0 0 0 0 0 0 0 0 0 0 0 -23 11 -23 9 -23 7 -22 6 -20 4 -17 1 -14 -1 -11 -5 -8 -9 -5 -13 -2 -18 1 -23 2 -28 2 -33 1 -36 -1 -39 -3 -40 -6 -40 -7 -37 -8 -34 -8 -30 -6 -25 -2 -21 4 -17 11 -14 18 -13
CSI_DATA: 28 -64 1 0 26 22 29 22 31 20 32 18 32 14 30 11 27 8 23 5 19 4 14 4 9 5 5 6 1 9 -2 11 -4 14 -5 16 -6 18 -6 19 -6 19 -5 19 -5 18 -5 16 -5 15 -5 12 -6 9 0 0 0 0 0 0 0 0 0 0 0 0 0 0 0 0 0 0 0 0 0 0 -17 -15 -16 -16 -15 -16 -13 -16 -10 -15 -8 -14 -5 -12 0 -11 4 -9 9 -8 14 -8 19 -8 23 -8 27 -10 29 -12 31 -14 31 -17 29 -19 27 -20 24 -19 21 -18 18 -14 16 -9 14 -3 15 3 16 11
CSI_DATA: 28 -64 1 0 11 -31 11 -34 10 -36 7 -36 5 -35 1 -33 0 -30 -1 -26 -2 -22 -1 -17 0 -12 2 -8 6 -5 9 -3 12 -1 15 1 17 1 18 2 19 2 19 2 18 1 18 2 16 2 14 2 11 3 0 0 0 0 0 0 0 0 0 0 0 0 0 0 0 0 0 0 0 0 0 0 -4 21 -5 20 -6 19 -7 17 -7 14 -7 11 -8 7 -9 3 -9 -1 -11 -6 -13 -11 -15 -15 -17 -18 -20 -21 -23 -22 -25 -22 -28 -22 -29 -20 -28 -17 -27 -15 -24 -13 -20 -11 -14 -11 -9 -12 -2 -14 3 -18
CSI_DATA: 28 -64 1 0 32 -3 35 -5 35 -7 36 -9 33 -11 30 -13 26 -13 21 -13 17 -11 14 -9 11 -5 8 -1 6 3 6 7 5 11 5 14 6 16 6 17 7 18 6 18 6 17 6 16 5 15 3 14 2 12 0 0 0 0 0 0 0 0 0 0 0 0 0 0 0 0 0 0 0 0 0 0 -21 6 -21 4 -20 2 -19 1 -16 0 -14 -2 -11 -4 -7 -6 -3 -9 0 -12 3 -16 6 -20 8 -24 9 -27 9 -31 8 -32 7 -34 5 -34 2 -33 1 -30 0 -27 1 -23 3 -18 7 -13 11 -9 17 -5
CSI_DATA: 28 -64 1 0 11 -30 11 -34 10 -36 7 -37 4 -35 2 -33 0 -30 -1 -26 -2 -21 -1 -17 1 -12 3 -8 6 -5 9 -2 12 -1 15 1 17 1 19 2 19 2 19 2 19 2 18 2 16 2 14 3 11 3 0 0 0 0 0 0 0 0 0 0 0 0 0 0 0 0 0 0 0 0 0 0 -3 21 -4 20 -6 19 -6 17 -7 14 -7 11 -8 8 -8 4 -10 -1 -11 -6 -13 -10 -15 -15 -18 -18 -21 -20 -23 -22 -26 -22 -28 -21 -29 -20 -29 -17 -27 -14 -24 -12 -20 -11 -15 -11 -9 -12 -3 -14 3 -19
CSI_DATA: 28 -64 1 0 -54 2 -50 6 -43 8 -37 9 -29 9 -22 6 -15 2 -10 -3 -7 -8 -5 -14 -5 -20 -5 -24 -6 -27 -7 -29 -8 -30 -9 -30 -10 -29 -10 -26 -9 -24 -8 -20 -6 -16 -4 -13 -1 -9 2 -6 4 -2 0 0 0 0 0 0 0 0 0 0 0 0 0 0 0 0 0 0 0 0 0 0 18 -7 16 -3 13 0 9 4 5 8 1 12 -3 16 -7 20 -10 25 -12 29 -13 33 -14 36 -13 38 -12 38 -10 36 -8 33 -7 29 -6 24 -7 17 -10 10 -14 4 -21 -2 -28 -6 -36 -9 -45 -9 -51 -8
CSI_DATA: 28 -64 1 0 -2 16 -7 17 -12 18 -16 21 -18 23 -18 25 -17 28 -16 30 -13 30 -10 30 -7 27 -5 25 -5 22 -4 17 -4 14 -5 10 -7 6 -8 2 -10 -1 -12 -3 -14 -5 -15 -6 -16 -7 -17 -9 -17 -10 0 0 0 0 0 0 0 0 0 0 0 0 0 0 0 0 0 0 0 0 0 0 18 -8 21 -7 22 -6 24 -5 24 -4 24 -4 23 -3 22 -2 20 0 17 1 14 4 11 7 8 11 6 16 4 20 3 25 4 30 6 33 9 36 12 38 15 38 18 37 19 35 20 31 19 28 15 24
CSI_DATA: 28 -64 1 0 -16 -10 -13 -15 -10 -20 -11 -24 -12 -27 -15 -29 -17 -30 -19 -29 -20 -27 -22 -25 -21 -22 -20 -19 -18 -16 -15 -13 -11 -11 -7 -10 -3 -9 1 -9 4 -9 7 -10 10 -10 12 -11 14 -11 15 -10 16 -10 0 0 0 0 0 0 0 0 0 0 0 0 0 0 0 0 0 0 0 0 0 0 -4 19 -6 21 -8 22 -10 23 -10 23 -11 23 -11 22 -11 20 -10 18 -11 14 -11 11 -12 6 -14 1 -17 -3 -20 -7 -24 -10 -28 -12 -33 -13 -37 -12 -40 -10 -42 -7 -43 -4 -42 -2 -40 0 -36 1 -31 1
CSI_DATA: 28 -64 1 0 2 15 -2 16 -7 18 -9 21 -11 23 -11 26 -10 28 -8 29 -6 29 -3 28 -1 26 0 23 0 20 -1 16 -1 13 -3 9 -5 6 -7 3 -9 1 -11 -1 -13 -2 -15 -3 -16 -4 -17 -5 -17 -6 0 0 0 0 0 0 0 0 0 0 0 0 0 0 0 0 0 0 0 0 0 0 13 -11 16 -11 18 -10 20 -10 20 -10 20 -9 19 -8 19 -7 18 -6 15 -4 13 -1 11 3 9 7 8 11 7 16 8 20 10 25 12 28 15 30 18 31 21 30 24 29 25 27 25 24 23 21 20 18
CSI_DATA: 28 -64 1 0 -12 13 -16 10 -21 8 -25 8 -28 9 -30 10 -31 13 -31 16 -29 17 -27 18 -24 18 -21 17 -17 15 -15 12 -12 9 -11 5 -10 1 -9 -3 -9 -6 -9 -9 -9 -12 -9 -14 -9 -16 -8 -18 -7 -19 0 0 0 0 0 0 0 0 0 0 0 0 0 0 0 0 0 0 0 0 0 0 19 3 21 6 22 8 22 9 23 10 22 11 21 10 20 10 17 10 14 10 10 11 5 12 0 13 -4 16 -9 19 -12 22 -14 27 -15 31 -14 35 -12 39 -10 41 -7 42 -5 42 -3 39 -2 35 -1 30
CSI_DATA: 28 -64 1 0 28 -31 24 -31 20 -31 16 -28 12 -24 10 -20 8 -15 8 -10 9 -6 10 -2 13 1 15 3 18 4 20 5 21 4 22 4 22 3 21 3 19 3 17 2 14 2 12 3 9 3 6 4 3 5 0 0 0 0 0 0 0 0 0 0 0 0 0 0 0 0 0 0 0 0 0 0 -14 8 -13 4 -11 1 -9 -2 -7 -5 -5 -9 -3 -13 -2 -17 -1 -21 -1 -25 -2 -28 -3 -31 -5 -32 -6 -32 -7 -30 -8 -28 -8 -25 -7 -22 -4 -18 0 -15 4 -12 11 -12 16 -13 22 -15 28 -18 31 -22
CSI_DATA: 28 -64 1 0 20 -41 17 -43 12 -38 9 -36 5 -30 3 -25 4 -18 5 -13 7 -8 11 -5 14 -2 17 0 21 0 22 0 25 0 24 -1 25 -1 23 -2 22 -3 19 -2 17 -2 13 0 11 1 8 3 4 5 0 0 0 0 0 0 0 0 0 0 0 0 0 0 0 0 0 0 0 0 0 0 -11 13 -11 10 -10 6 -10 1 -8 -3 -8 -8 -8 -13 -9 -17 -10 -22 -10 -25 -12 -29 -13 -32 -15 -33 -17 -32 -19 -31 -19 -26 -18 -24 -15 -20 -11 -18 -6 -15 0 -15 7 -16 13 -18 20 -22 24 -27 27 -34
CSI_DATA: 28 -64 1 0 -25 39 -21 39 -17 37 -12 34 -9 29 -7 23 -7 17 -7 12 -9 6 -12 3 -15 0 -18 -2 -21 -3 -24 -3 -25 -3 -26 -2 -26 -2 -25 -2 -23 -1 -20 -1 -18 -2 -14 -2 -12 -4 -8 -5 -5 -6 0 0 0 0 0 0 0 0 0 0 0 0 0 0 0 0 0 0 0 0 0 0 10 -14 10 -10 10 -6 9 -2 8 2 7 7 7 12 7 17 8 22 8 26 9 30 11 31 12 32 14 31 16 30 16 27 15 23 13 20 9 17 3 15 -2 13 -9 14 -17 16 -22 20 -27 25 -30 30
CSI_DATA: 28 -64 1 0 -51 -19 -49 -14 -45 -10 -39 -6 -33 -3 -26 -3 -19 -4 -13 -5 -7 -9 -3 -13 1 -17 2 -21 3 -25 3 -28 3 -29 2 -30 1 -29 0 -28 0 -26 0 -23 0 -20 1 -16 2 -12 3 -8 5 -4 0 0 0 0 0 0 0 0 0 0 0 0 0 0 0 0 0 0 0 0 0 0 17 2 12 5 8 7 3 9 -2 10 -7 12 -12 14 -17 17 -22 20 -25 22 -28 25 -29 27 -28 28 -27 29 -24 28 -22 26 -18 23 -16 19 -15 12 -14 5 -16 -2 -19 -9 -24 -17 -30 -22 -37 -25 -43 -27
CSI_DATA: 28 -64 1 0 42 11 42 7 38 3 34 1 29 -1 23 -1 18 0 13 2 9 5 6 8 5 13 4 16 4 19 5 21 6 22 7 23 7 23 7 22 7 20 6 18 5 15 3 13 1 11 -1 8 -4 6 0 0 0 0 0 0 0 0 0 0 0 0 0 0 0 0 0 0 0 0 0 0 -14 -9 -11 -9 -7 -9 -3 -9 2 -9 6 -10 11 -10 15 -11 19 -12 22 -14 25 -16 26 -18 27 -20 26 -21 24 -22 21 -22 18 -20 16 -17 14 -13 13 -8 14 -1 16 4 19 10 25 14 31 16 36 18
CSI_DATA: 28 -64 1 0 -54 0 -52 4 -46 7 -41 9 -33 9 -27 8 -21 5 -17 1 -13 -4 -11 -9 -10 -14 -11 -19 -12 -22 -13 -24 -14 -25 -15 -26 -16 -25 -15 -24 -14 -22 -13 -19 -11 -17 -8 -15 -5 -13 -2 -11 2 -9 0 0 0 0 0 0 0 0 0 0 0 0 0 0 0 0 0 0 0 0 0 0 19 3 15 5 10 7 5 9 0 10 -5 12 -10 14 -14 17 -19 20 -22 23 -24 27 -25 30 -25 32 -23 33 -21 33 -18 31 -16 28 -13 24 -13 18 -14 12 -16 5 -21 0 -26 -6 -34 -9 -42 -10 -48 -10
CSI_DATA: 28 -64 1 0 -53 -3 -49 1 -44 4 -38 6 -30 6 -24 5 -18 1 -13 -2 -9 -8 -7 -13 -6 -19 -7 -23 -8 -26 -9 -28 -11 -28 -11 -28 -12 -26 -12 -24 -11 -22 -9 -19 -7 -16 -4 -13 -1 -10 2 -7 5 -4 0 0 0 0 0 0 0 0 0 0 0 0 0 0 0 0 0 0 0 0 0 0 20 2 17 4 13 6 8 7 3 9 -2 11 -7 14 -12 17 -16 20 -20 23 -23 26 -24 29 -24 31 -23 32 -20 32 -17 31 -15 28 -13 23 -12 17 -13 11 -15 4 -20 -2 -26 -8 -34 -12 -41 -14 -48 -13
CSI_DATA: 28 -64 1 0 12 27 14 30 16 30 19 30 20 28 22 24 21 21 20 17 18 14 15 11 11 9 7 8 3 8 -1 8 -5 8 -8 10 -10 11 -12 11 -13 12 -13 12 -14 12 -14 12 -13 12 -13 10 -12 8 0 0 0 0 0 0 0 0 0 0 0 0 0 0 0 0 0 0 0 0 0 0 -10 -19 -8 -19 -7 -19 -5 -18 -3 -16 -1 -13 2 -10 5 -8 8 -5 12 -2 16 0 20 2 24 2 28 2 31 2 33 0 33 -2 34 -4 32 -6 30 -7 26 -7 22 -6 18 -3 15 1 12 6 11 13
CSI_DATA: 28 -64 1 0 0 -15 6 -17 11 -20 13 -23 14 -26 14 -29 13 -31 11 -32 8 -31 5 -29 3 -27 2 -23 1 -19 2 -14 3 -10 5 -5 6 -2 9 1 11 4 12 5 14 6 16 8 16 8 16 9 15 10 0 0 0 0 0 0 0 0 0 0 0 0 0 0 0 0 0 0 0 0 0 0 -9 13 -13 14 -15 14 -17 15 -18 14 -19 14 -19 14 -19 13 -18 11 -16 8 -15 5 -13 1 -12 -4 -11 -10 -11 -15 -12 -20 -14 -25 -17 -28 -20 -30 -23 -31 -26 -30 -28 -29 -29 -26 -27 -23 -25 -20 -20 -17
CSI_DATA: 28 -64 1 0 4 -46 0 -43 -2 -39 -5 -34 -5 -27 -4 -22 -1 -17 3 -14 7 -12 11 -11 15 -11 17 -12 19 -14 20 -16 20 -17 19 -17 18 -17 16 -17 13 -15 11 -13 9 -10 8 -7 7 -3 6 0 5 4 0 0 0 0 0 0 0 0 0 0 0 0 0 0 0 0 0 0 0 0 0 0 -16 12 -15 9 -14 6 -13 2 -11 -2 -11 -7 -10 -11 -10 -16 -10 -21 -11 -25 -13 -28 -15 -30 -17 -31 -19 -31 -20 -29 -21 -26 -19 -23 -17 -21 -13 -18 -8 -18 -2 -18 3 -21 9 -25 12 -30 14 -36 14 -43
CSI_DATA: 28 -64 1 0 43 13 42 9 38 5 34 3 28 1 23 0 18 2 13 4 10 7 8 10 7 14 7 17 7 20 9 21 10 22 11 22 12 21 12 20 11 18 10 16 8 14 6 11 4 10 1 8 -2 6 0 0 0 0 0 0 0 0 0 0 0 0 0 0 0 0 0 0 0 0 0 0 -8 -15 -5 -14 -1 -12 3 -11 7 -9 11 -8 16 -7 20 -6 24 -6 27 -7 30 -9 32 -10 32 -12 32 -13 30 -14 27 -14 24 -13 21 -11 18 -7 17 -2 17 3 19 9 22 14 27 18 32 21 37 22
CSI_DATA: 28 -64 1 0 -26 36 -22 38 -17 34 -14 32 -10 27 -8 21 -8 16 -8 11 -11 7 -14 5 -17 2 -20 1 -23 1 -23 2 -26 3 -25 3 -25 5 -24 5 -21 5 -19 4 -16 3 -13 2 -11 1 -9 -2 -6 -4 0 0 0 0 0 0 0 0 0 0 0 0 0 0 0 0 0 0 0 0 0 0 16 -5 14 -2 11 2 9 5 6 8 3 13 1 17 0 21 -1 25 -1 28 0 32 0 34 2 34 4 34 5 33 5 29 6 27 4 22 1 20 -4 17 -9 15 -14 15 -20 17 -26 21 -29 25 -32 30
CSI_DATA: 28 -64 1 0 40 -23 36 -25 32 -25 26 -24 21 -22 18 -19 14 -14 12 -10 12 -5 13 -1 14 3 16 6 18 8 21 8 22 8 22 9 23 8 22 7 21 6 19 5 16 5 14 5 11 5 8 5 4 6 0 0 0 0 0 0 0 0 0 0 0 0 0 0 0 0 0 0 0 0 0 0 -17 -1 -13 -4 -10 -6 -6 -9 -3 -11 1 -14 4 -17 7 -20 10 -24 12 -27 12 -30 12 -32 11 -34 9 -34 7 -33 5 -31 4 -28 4 -25 5 -20 8 -16 12 -12 17 -10 24 -8 30 -8 36 -10 40 -13
CSI_DATA: 28 -64 1 0 33 32 33 27 32 23 29 18 25 14 21 11 15 10 10 9 5 11 1 13 -1 17 -2 19 -3 22 -3 24 -2 24 -1 25 0 24 0 23 0 21 0 18 0 15 -1 12 -3 9 -5 6 -7 3 0 0 0 0 0 0 0 0 0 0 0 0 0 0 0 0 0 0 0 0 0 0 -4 -20 -2 -17 1 -15 4 -11 6 -8 10 -5 13 -1 17 1 22 4 26 5 29 5 33 5 35 3 35 1 34 0 33 -2 29 -3 26 -3 21 -2 18 2 15 7 13 13 13 20 15 26 19 31 23 35
CSI_DATA: 28 -64 1 0 -46 -10 -44 -7 -40 -3 -35 0 -30 1 -24 1 -19 -1 -15 -3 -12 -8 -10 -11 -9 -15 -9 -19 -10 -21 -11 -22 -12 -23 -13 -23 -13 -22 -13 -20 -12 -18 -11 -16 -9 -14 -6 -12 -3 -10 0 -8 4 -7 0 0 0 0 0 0 0 0 0 0 0 0 0 0 0 0 0 0 0 0 0 0 13 14 9 13 6 12 2 11 -2 9 -7 8 -12 8 -16 8 -21 8 -25 9 -28 11 -31 13 -32 16 -32 17 -30 19 -27 19 -24 18 -21 16 -18 12 -17 7 -17 2 -19 -5 -22 -10 -27 -14 -34 -17 -39 -18
CSI_DATA: 28 -64 1 0 51 -5 47 -8 40 -10 34 -11 27 -10 21 -7 15 -2 11 3 9 8 9 13 9 18 11 21 13 24 15 24 16 24 17 23 18 21 17 19 15 16 12 13 9 11 5 9 1 7 -2 5 -6 4 0 0 0 0 0 0 0 0 0 0 0 0 0 0 0 0 0 0 0 0 0 0 -21 -6 -17 -8 -12 -10 -8 -11 -2 -12 3 -13 8 -15 13 -18 18 -21 20 -24 23 -27 24 -30 24 -32 22 -33 20 -33 17 -30 15 -27 13 -23 13 -17 14 -10 17 -4 22 2 28 6 36 9 44 9 50 8
CSI_DATA: 28 -64 1 0 -23 -47 -25 -42 -24 -37 -23 -31 -19 -24 -15 -19 -9 -16 -4 -13 2 -12 7 -12 11 -14 14 -17 16 -19 17 -22 17 -23 17 -24 16 -25 14 -23 12 -21 11 -19 9 -16 8 -12 7 -9 6 -5 6 -1 0 0 0 0 0 0 0 0 0 0 0 0 0 0 0 0 0 0 0 0 0 0 1 17 -3 13 -6 10 -10 5 -13 3 -17 -2 -21 -5 -25 -8 -29 -10 -32 -12 -36 -12 -37 -12 -38 -11 -38 -8 -36 -7 -33 -4 -28 -4 -24 -5 -18 -7 -13 -12 -8 -18 -6 -24 -3 -31 -5 -39 -7 -45 -10 -50
CSI_DATA: 28 -64 1 0 -43 30 -37 31 -31 30 -25 27 -19 23 -16 18 -13 11 -12 6 -12 0 -14 -5 -16 -9 -19 -12 -22 -13 -25 -13 -26 -13 -27 -13 -27 -11 -26 -10 -23 -9 -21 -7 -18 -7 -14 -6 -10 -6 -6 -6 -2 -6 0 0 0 0 0 0 0 0 0 0 0 0 0 0 0 0 0 0 0 0 0 0 16 -5 13 -1 11 3 7 7 5 12 2 16 0 21 -2 25 -3 30 -5 33 -5 36 -3 38 -2 38 -1 38 1 35 2 32 1 27 0 23 -4 18 -9 14 -15 11 -22 10 -30 9 -37 11 -44 15 -47 20
CSI_DATA: 28 -64 1 0 25 23 20 18 14 14 8 11 1 10 -5 10 -10 11 -15 13 -17 15 -19 18 -20 20 -19 22 -18 22 -16 22 -15 20 -13 19 -11 16 -10 12 -8 8 -7 4 -6 0 -6 -3 -5 -7 -4 -10 -3 -13 0 0 0 0 0 0 0 0 0 0 0 0 0 0 0 0 0 0 0 0 0 0 -2 -6 2 -7 7 -8 12 -9 15 -10 19 -11 22 -12 24 -14 26 -14 26 -15 26 -15 24 -15 21 -13 18 -11 14 -7 11 -3 9 2 7 9 7 15 8 22 10 28 14 33 18 37 22 40 26 40 29 38
CSI_DATA: 28 -64 1 0 29 13 25 11 17 7 11 8 4 8 -1 10 -6 14 -9 16 -10 19 -13 22 -13 24 -13 26 -11 28 -9 24 -9 24 -6 20 -6 18 -4 15 -4 10 -4 6 -6 2 -6 -2 -7 -5 -7 -9 -7 -12 0 0 0 0 0 0 0 0 0 0 0 0 0 0 0 0 0 0 0 0 0 0 -4 -5 0 -8 4 -10 8 -14 10 -14 15 -18 15 -20 17 -23 18 -23 17 -23 19 -23 18 -22 16 -21 13 -17 11 -13 9 -7 9 -1 8 6 12 13 14 17 21 22 25 27 28 26 33 30 37 30 40 27
CSI_DATA: 28 -64 1 0 -40 6 -34 5 -23 3 -17 -2 -10 -6 -6 -12 -2 -18 -1 -23 0 -28 0 -32 -1 -34 -3 -35 -5 -35 -6 -32 -6 -30 -6 -26 -5 -24 -4 -19 -1 -14 1 -10 3 -6 6 -2 8 2 10 5 11 9 0 0 0 0 0 0 0 0 0 0 0 0 0 0 0 0 0 0 0 0 0 0 6 1 5 7 3 12 2 17 0 21 -1 27 -1 30 -2 33 -1 36 -3 35 -3 36 -3 33 -2 30 -3 25 -4 20 -5 12 -9 6 -13 0 -21 -5 -29 -8 -35 -11 -43 -9 -48 -12 -55 -10 -58 -6 -58 -2
CSI_DATA: 28 -64 1 0 30 1 22 1 15 2 8 4 1 6 -3 10 -7 14 -10 18 -11 21 -11 25 -10 27 -9 27 -9 28 -7 26 -5 23 -5 21 -4 17 -4 13 -3 9 -3 5 -3 1 -4 -3 -4 -7 -4 -10 -3 -13 0 0 0 0 0 0 0 0 0 0 0 0 0 0 0 0 0 0 0 0 0 0 -7 -4 -6 -9 -5 -14 -4 -18 -3 -21 -2 -24 -2 -26 -1 -28 -1 -29 0 -29 0 -28 0 -25 0 -21 2 -17 3 -12 6 -6 9 -1 13 4 19 8 24 12 29 14 35 15 39 15 44 13 46 10 45 8
CSI_DATA: 28 -64 1 0 30 16 23 12 14 10 6 8 -2 8 -9 9 -15 12 -20 15 -23 18 -25 21 -25 23 -24 25 -23 26 -20 24 -18 23 -16 20 -13 17 -11 13 -8 8 -6 4 -4 -1 -3 -5 -1 -8 1 -12 3 -15 0 0 0 0 0 0 0 0 0 0 0 0 0 0 0 0 0 0 0 0 0 0 -5 -8 -2 -13 2 -17 4 -22 7 -24 10 -28 12 -29 13 -31 14 -31 14 -31 14 -30 13 -27 11 -22 10 -17 10 -10 9 -3 10 5 12 12 15 19 20 26 24 30 31 34 34 36 40 36 43 35 45 32
CSI_DATA: 28 -64 1 0 27 22 20 17 12 13 4 9 -4 8 -11 8 -17 9 -22 11 -26 14 -28 16 -29 19 -28 21 -27 22 -24 21 -22 19 -18 18 -15 14 -13 11 -9 7 -6 3 -4 -1 -2 -5 0 -9 3 -12 5 -14 0 0 0 0 0 0 0 0 0 0 0 0 0 0 0 0 0 0 0 0 0 0 -3 -9 1 -13 5 -16 9 -20 13 -22 16 -24 18 -26 20 -27 21 -27 21 -27 20 -25 19 -23 16 -19 14 -14 11 -8 9 -1 9 7 9 14 11 22 14 29 18 35 23 39 27 43 32 44 35 43 37 40
CSI_DATA: 28 -64 1 0 -43 12 -39 16 -33 15 -27 14 -21 12 -17 8 -13 3 -11 -1 -11 -7 -12 -11 -14 -15 -16 -17 -18 -18 -20 -18 -21 -18 -21 -16 -21 -14 -19 -13 -16 -11 -14 -9 -10 -8 -7 -7 -3 -6 1 -6 5 -6 0 0 0 0 0 0 0 0 0 0 0 0 0 0 0 0 0 0 0 0 0 0 18 2 15 3 12 5 8 6 4 8 0 10 -4 12 -8 15 -11 18 -14 21 -15 24 -16 27 -16 29 -14 30 -12 30 -10 28 -9 25 -7 21 -8 16 -10 11 -14 6 -19 2 -25 0 -32 -1 -39 1 -43 3
CSI_DATA: 28 -64 1 0 1 50 4 46 7 39 7 33 6 25 3 18 -2 13 -7 9 -12 6 -18 5 -22 6 -26 7 -28 9 -28 11 -28 12 -26 13 -25 13 -22 12 -18 10 -15 8 -12 5 -9 2 -6 -2 -4 -5 -1 -8 0 0 0 0 0 0 0 0 0 0 0 0 0 0 0 0 0 0 0 0 0 0 2 -21 4 -18 6 -13 8 -9 9 -3 12 1 14 6 17 11 21 15 24 19 27 21 30 22 32 21 33 20 32 17 30 15 26 12 21 11 15 11 8 13 1 16 -4 22 -9 29 -12 36 -13 44 -11 50
CSI_DATA: 28 -64 1 0 43 -2 41 -4 35 -6 30 -7 23 -7 17 -5 12 -2 8 2 6 7 4 12 3 16 4 20 5 22 6 23 7 24 7 23 9 22 8 19 8 17 6 14 4 11 2 8 -1 5 -4 3 -6 0 0 0 0 0 0 0 0 0 0 0 0 0 0 0 0 0 0 0 0 0 0 0 -19 3 -16 0 -13 -2 -10 -4 -6 -7 -2 -9 2 -12 5 -15 9 -19 12 -22 14 -25 15 -28 15 -30 14 -31 12 -31 9 -29 7 -26 7 -22 7 -17 9 -10 11 -5 16 0 21 5 28 7 35 8 41 7
CSI_DATA: 28 -64 1 0 -4 51 -1 49 3 43 5 37 5 30 4 22 1 16 -3 10 -8 6 -14 4 -18 2 -22 2 -26 2 -28 3 -30 5 -29 6 -29 6 -27 6 -24 6 -20 5 -17 4 -14 2 -11 0 -7 -3 -3 -5 0 0 0 0 0 0 0 0 0 0 0 0 0 0 0 0 0 0 0 0 0 0 -3 -19 1 -16 3 -12 6 -8 9 -3 13 2 16 6 20 10 23 14 26 17 30 19 33 20 34 19 34 17 34 15 31 12 27 11 22 9 16 9 9 11 2 14 -4 20 -9 27 -13 33 -14 41 -14 48
CSI_DATA: 28 -64 1 0 48 -19 44 -21 38 -21 32 -21 25 -18 19 -14 14 -8 11 -3 9 3 9 9 9 15 10 18 12 22 14 23 16 24 17 23 17 23 16 20 15 18 13 15 10 13 7 11 4 9 0 6 -3 4 0 0 0 0 0 0 0 0 0 0 0 0 0 0 0 0 0 0 0 0 0 0 -17 9 -15 5 -12 0 -10 -4 -7 -8 -4 -13 -2 -18 1 -23 2 -28 4 -32 4 -36 4 -39 3 -40 1 -40 -1 -38 -2 -35 -2 -30 -1 -25 2 -19 7 -13 12 -9 20 -6 28 -3 36 -3 44 -5 49 -8
CSI_DATA: 28 -64 1 0 3 15 -2 18 -5 22 -6 26 -6 29 -5 31 -3 32 -1 33 1 31 3 29 4 26 4 22 4 18 2 14 0 11 -3 7 -6 5 -9 3 -11 1 -14 0 -16 -1 -18 -2 -19 -3 -19 -4 -19 -5 0 0 0 0 0 0 0 0 0 0 0 0 0 0 0 0 0 0 0 0 0 0 8 -17 11 -18 14 -18 15 -18 16 -18 16 -18 16 -16 15 -15 14 -12 13 -9 12 -5 12 0 12 5 12 10 14 14 16 19 19 22 23 24 26 25 29 25 32 23 33 21 33 18 31 15 27 13 22 12
CSI_DATA: 28 -64 1 0 8 49 12 45 13 39 13 33 12 26 8 21 5 16 -1 12 -6 10 -11 10 -15 10 -18 12 -21 14 -23 16 -23 17 -22 19 -21 19 -20 18 -17 17 -15 15 -13 13 -11 10 -9 7 -8 3 -6 -1 0 0 0 0 0 0 0 0 0 0 0 0 0 0 0 0 0 0 0 0 0 0 4 -17 7 -13 9 -8 11 -4 13 1 15 5 18 9 20 13 24 16 26 18 29 20 31 21 32 19 32 18 31 16 28 14 24 12 19 11 14 12 8 14 3 18 -1 24 -5 31 -6 37 -4 44 -3 50
CSI_DATA: 28 -64 1 0 -44 -25 -43 -20 -38 -15 -34 -11 -27 -7 -20 -7 -14 -8 -8 -9 -4 -13 -1 -17 1 -21 1 -25 0 -28 -1 -29 -2 -30 -4 -29 -5 -28 -5 -25 -5 -22 -4 -18 -3 -15 -1 -11 1 -8 4 -5 6 -1 0 0 0 0 0 0 0 0 0 0 0 0 0 0 0 0 0 0 0 0 0 0 11 16 7 16 3 14 -2 12 -6 10 -11 8 -16 6 -21 5 -26 5 -30 5 -33 7 -36 8 -37 10 -37 11 -35 12 -31 12 -28 11 -24 9 -20 5 -17 -2 -17 -8 -18 -16 -20 -22 -25 -27 -31 -31 -36 -35
CSI_DATA: 28 -64 1 0 24 32 26 29 24 23 23 20 19 15 15 11 10 9 4 9 0 9 -4 11 -7 13 -9 16 -10 19 -10 19 -10 22 -9 21 -8 22 -7 21 -6 19 -5 17 -4 14 -4 11 -4 9 -4 5 -5 2 0 0 0 0 0 0 0 0 0 0 0 0 0 0 0 0 0 0 0 0 0 0 -3 -14 0 -12 3 -10 7 -7 9 -4 14 -2 16 0 20 2 23 3 25 3 29 3 30 3 31 2 30 1 29 0 25 0 23 0 18 1 15 4 11 7 10 12 8 18 8 23 10 29 13 34 17 38
CSI_DATA: 28 -64 1 0 -13 -32 -10 -24 -5 -19 0 -13 7 -9 12 -7 18 -6 23 -7 26 -9 29 -12 29 -14 28 -16 27 -16 25 -17 21 -16 18 -14 15 -12 12 -9 9 -5 6 -2 3 2 2 6 0 9 -2 12 -5 14 0 0 0 0 0 0 0 0 0 0 0 0 0 0 0 0 0 0 0 0 0 0 -4 8 -9 7 -14 5 -19 4 -23 2 -26 2 -29 1 -32 0 -33 1 -33 1 -32 1 -30 0 -26 0 -21 -2 -16 -4 -12 -7 -7 -12 -3 -18 0 -24 2 -30 2 -37 1 -43 -2 -48 -6 -51 -10 -51 -13 -50
CSI_DATA: 28 -64 1 0 28 -17 22 -13 15 -8 12 -1 9 5 8 11 8 17 10 21 11 24 14 26 16 27 18 26 20 24 19 21 19 19 16 15 14 13 10 10 6 7 2 6 -2 3 -6 2 -10 1 -13 -1 -16 -2 0 0 0 0 0 0 0 0 0 0 0 0 0 0 0 0 0 0 0 0 0 0 -9 -2 -9 -8 -7 -13 -8 -18 -6 -21 -7 -26 -7 -28 -7 -31 -7 -32 -6 -32 -6 -32 -5 -29 -4 -26 -2 -21 0 -17 4 -12 9 -8 15 -5 23 -3 30 -3 35 -4 41 -7 45 -9 48 -12 49 -16 47 -20
CSI_DATA: 28 -64 1 0 -28 -21 -22 -16 -13 -13 -6 -12 2 -11 8 -12 14 -15 18 -18 19 -22 20 -26 19 -28 17 -29 16 -29 13 -27 11 -25 9 -21 8 -17 6 -13 5 -7 4 -3 4 2 5 6 5 10 4 13 3 17 0 0 0 0 0 0 0 0 0 0 0 0 0 0 0 0 0 0 0 0 0 0 4 7 -2 8 -7 10 -12 12 -16 12 -21 14 -23 15 -26 16 -28 17 -27 18 -27 18 -25 17 -23 15 -20 12 -16 7 -14 1 -12 -5 -10 -12 -11 -19 -13 -26 -16 -32 -21 -37 -26 -39 -31 -41 -35 -40 -37 -37
CSI_DATA: 28 -64 1 0 33 -1 25 -1 17 2 11 5 4 9 0 14 -2 20 -4 25 -3 28 -2 32 0 33 2 33 4 32 5 29 5 26 5 22 4 17 2 13 0 9 -3 4 -6 1 -8 -2 -10 -6 -12 -9 -14 -12 0 0 0 0 0 0 0 0 0 0 0 0 0 0 0 0 0 0 0 0 0 0 -8 -3 -5 -8 -3 -13 1 -17 3 -21 5 -24 7 -27 8 -30 9 -32 9 -32 9 -31 9 -30 8 -27 7 -22 8 -17 9 -11 11 -3 15 2 20 7 25 12 32 14 39 15 44 15 49 13 52 10 51 6
CSI_DATA: 28 -64 1 0 32 14 24 11 17 10 9 9 2 10 -4 12 -9 15 -12 19 -14 23 -15 26 -14 29 -13 30 -12 30 -10 30 -8 27 -7 25 -6 21 -5 17 -5 12 -5 8 -5 3 -6 -1 -6 -5 -6 -9 -6 -13 0 0 0 0 0 0 0 0 0 0 0 0 0 0 0 0 0 0 0 0 0 0 -2 -10 3 -12 7 -16 11 -17 14 -20 17 -21 19 -22 21 -24 22 -24 22 -24 20 -23 19 -21 17 -18 15 -14 13 -8 12 -2 11 5 13 11 15 17 18 24 23 28 29 31 34 34 39 33 42 31 43 28
CSI_DATA: 28 -64 1 0 -37 3 -28 2 -19 -2 -13 -7 -7 -12 -4 -18 -2 -24 -2 -28 -3 -33 -5 -35 -8 -36 -9 -35 -11 -33 -11 -30 -11 -26 -10 -22 -7 -18 -5 -14 -1 -10 2 -6 6 -3 10 0 12 2 15 5 17 8 0 0 0 0 0 0 0 0 0 0 0 0 0 0 0 0 0 0 0 0 0 0 7 3 4 8 0 13 -3 18 -5 22 -8 25 -9 29 -9 32 -10 34 -10 35 -10 33 -8 31 -8 28 -8 22 -8 16 -10 10 -13 3 -18 -4 -24 -8 -30 -12 -37 -14 -45 -14 -51 -13 -54 -10 -57 -6 -55 -2
CSI_DATA: 28 -64 1 0 -20 -20 -14 -14 -7 -11 -1 -7 6 -6 12 -5 17 -6 21 -7 25 -9 26 -12 26 -13 25 -14 24 -15 22 -15 19 -14 17 -12 13 -10 10 -7 7 -4 3 -2 1 1 -2 4 -4 7 -7 9 -9 10 0 0 0 0 0 0 0 0 0 0 0 0 0 0 0 0 0 0 0 0 0 0 2 8 -2 11 -5 14 -8 16 -11 18 -13 20 -16 21 -17 22 -18 22 -18 21 -17 20 -16 17 -14 13 -12 9 -10 3 -9 -3 -8 -9 -9 -16 -9 -22 -11 -28 -15 -33 -18 -36 -22 -39 -25 -39 -27 -38 -28 -35
